· Μυωο11118,11,,090 ’ 11111111118,1,1.20

11 11111011. ‚cxxxiii

1111111·311,02.1,042.704, 0,11,2. 1111111118,11,0,04

1181 4,0 , 11111118,1,0,18
1111111111. 11, 000 1111111111. 11, 27, 8.111, 0,04
1011111,1,117,111,019,11,28.1,907.Μ1111111Τ3ιι,070 -
408.111,420.1111,208311,142.000.11111111Τ,1111,124

070. 8.111, 280 A ,411, 402 111111101.1,002. 0.11,0,8
11111118,1,2.103111,0, 170 111111131, 14 711. 11,441, 111170.
1111111 Τ. 1, 142. 111, 000 404. 11, 200. 070. 782. 1, 220. 404.
111111111’.1ν,1111 001, 11,00. 000. 111,100.404.011.
11111111 A. 11, 042 040.Ι 1111, 480. 000, 004, 11, 117, 000.
1111111 T. 11, 004, 111, 270. 1,00. 1, 04. 071. 090. 709. 800, 810. 1, 004, 704.

000, 111, 127. 277. 202, 007. 004. 11, 170. 010. 027. 040. 070, 001. 401.

042. 040. 0.1,2,00,210, 1, 0.οΙ 111, 021. 080. 831, 2. 00. 04, 101311,
111,.,,,,,.0.10211171100200.0 11701114021110001100
11, 000 111, 101, 100, 044. 018, 040. 070.
11111011.1,107111,200.8.’“1ι,7.120.000.11,024,400

111,0.00.1,1,04 111110111111, 744
1111111113 11, 200. 111, 282 700 11,210.111111111311,000,1,010

1.·10ομ047111019 8.1,2,180, 81111111811,8..10.1,1,22

274. 111, 171114. 1, l. 0. 40. 71. Μ11111111.11, 020 8.111, 0. 100. 11,

170. 221. 200, 1, 0. 70 0. 20
0111111111 T. 1, 000. 111009. 81,2, Ι11111111118,,1110. 102, 11, 4. 70. A. 1,

008.1,1,100,1,0,08,Α.1,200 42. 11, 184
1111111181, 2, 241 1111111111.111,10711,002,1,800.
1111111181, l. 200 A.i, 100
1101111181, 0. 00311, 0, 00 1111111111411, 000 ,
111110101111111111 111111110072311, 240311, 700, 1,
1111101111, 11, 248 000,11,087,111,008.8,1,2.270.
8111011118.11,4,04 11,1,111. 180,111,,,200 111, 4. 88.
1111011181,0,00 A 1207000
1111111111811, 7. 74 1111111111.1,109.721.11800111,
11110πί1811, 820 · ι 212. 404. 490, 490, 11, 400, 084,
111101111Τὶ1, 172 819.1,409800111,011, 8.1,2,
manciannum& 140, 1,0.,241.1,1,180.200. 11,
011111. 111, 80 900 1172000 11, 240

84,414.81,..002Α,1,420 11111111,1404..000.11,,.80104227
111111181μοοῦ 480,111,,..00120100077.11,,17
1111111,1,170.11,004.000,111,000. ’1.72 111,240.000,11,480.1,,00

1111,.,71,’,,,110011,2078,11,,01 11,,,Η201004Ιο400111μ400700
“ ,4,1,401 700.8.1,,.2110111,,,4771,,2124,
111111111.11,.822 111172111717 1,0,,10 111000. 11100

8,1,1,10.1,.2100.1,.2117.1,0, 11111111011101111,ι11,110,

11 100. 111,021, 1111,411,ι,,711,.1.
1111111,1,404,,11000.111,204, 1111, 70.,11 ,,,.129170211000

089, 8111111 1111110011,11,207.111,007,079.8,1,
2111111Τ1172711000.110011,2.77,11,.102

0 029 111,.400 11,,827 1197 8 01111111,1,,.,08001709 11110411,
1224010071027011270 88,170,207,,0001,,00011,040.
“01111111,1,7,11,072,099,11,200.111004,1111,012,11,000,072.080.

021. 1, 048. 11, 001, 000. 1111, 202. 004.707,1,77.090,1Ι,12,100.

100.1,400.11,100.111,018 042.111,000,0.1,2,100. 11, 1. 07.
1411111118.11,7.40 11,,71100111,,0.101,2.971.1,
11111111 T. 11, 477, 1, 012800, 11, 012, 11, 100040

489, A. 11, 208 1111111111 Τ, 1, 229. 11, 108, 111,171, 11,
1011118111, 0100, 11,0,40 000,1,,009 8,,11,1 20. 1,0, 08, A.
1400111Τ. 11, 040 · ’ 1, 00
umagen· A. 1, 007 11111111, 11, 177, 1,00. 8.111,0. 107. Ι
01111118, 1, 0, 00 11, 202

 

