11111 11111

&mre-uentum? 4111414414744
81111141 Τ. 4, 444. 444. 444. 44487. 488. Suppliciter T. 444, 444
444. 4444. 14114. 144, 444. 1444, Supplicium Τ. 4, 44. iii, 4. v, 444. 444.
48 1, 144. 444. 447. 14, 447. 8.4,4. 14, 717. 8. 41, 4. 14
44. iii, 1. 44. 114411. 444, 4. 4444. supponimus T. 144, 444
44444. 444 Supponitirssiffl
8111111111 T. 1444, 414 Suprema Τ. 4, 444. 444, 474. 484. 41, 84.
sapa-murmur .,111.111. 141111 14111111.
811111111Τ.1,184.41,444.8.4441.78 784. 1114111. 41, 44. 447. 444. 4171
supemi mnam· 14, δωσ A· ipss¹ xpnle m· “oe ⁸⁵«- XT, ιω· 444,
Superbo 4444. 44 444447. &imm 444444. 1,
Supero Τ. 44444. 41, 484. 1, 748. 144, mre
Μ supremum T. 14444
8111111144, 1444444. 444. 444144. 81111111118.444,4.44
444. 444. 41, 448. 144, 41111. 1444, 444. supremi T. 444, 444. 1ἥ748. 1, 744. =
414. 41, 414. 844. 1, 449. 448. 844. 144447 1
14484. 144444. 8. 4444. 74. 41,4. supremis T. 414, 447. ,14 144. 481. 14,
14. 1, 4. 44. 44. 1, 4. 78. Α. 4, 444 14. 8-41,4.74.1,4.484
81ρ11111114.44,718.1,444 Ι Supremo T. 41,444. 141474. 14444.
superstantem T. Ι, 444 14444. 8.1,1.174. 1, 477
Supererat T. 1, 414 8111111114. 144, 414. 144, 474
summ T· 4, 4801 4416941 44941 4444, supTUfflumT1TT2m· il, ⁸⁶⁸0 xi, ,nu
474. 41, 444. 4448. xi. 444. 448. 8.444,8.44.448.444 .
144814. S. 41, 7. 48 Supremas T. 44, 444. 44444
8111111411 Τ. 114181. 144, 444 Supprmerrt A. 44, 444
Superstitio T. 14, 44.·144, 487 81 41 Τ. 41, 744
Superum} 14481. 14, 484474. 8. Suffipiimu. 8. 4, 4. 44. 44, 4. 7.
1444. 44 v 4.]
Supervenit Τ. 44, 448. 144, 474. 41, 444. 8111411 T. 41, 744
Α. 4148 81114111Τ.41,844
Superum T. iii, 474. 484444. 1,144. Surdum Τ. 41, 444
474. 444. 444. 714. 744. 14444. 1444, Surgunt T. 1, 444. 8. 4, 1. 44
44. 44444444. 1, 844. 447. 144, Surge 8. 41, 4. 74. 44447·

ru 411. 41144181. 11, u. 14. 11, sargan Τ, i, 111. 111. xiima. s. 4,
8. 1. Α. 4, 418. 44, 444 8. 41

81111111111Τ.1,144 Surgentem T. 41, 474. 41111111. Δ.
Supina Τ. 1, 444 4, 474 “
8114111111Τ.414414.144,447.474. viii, surgentes Τ. 1444444. 44448

444 8111111444444
8114111111 Τ. 111, 444 4111111111. r, 444
8111411118.41,1. 14 SurgereT. 1,444
81ρ11111Τ.1,414.1ὶ,784.144,484 Surgeret T. 44444. 114444. 8. 1,4.
Supineto Τ. 1, 444. 41, 874 144. Α. 4484
SUPTBTT· 414941 74444 8444844144. 4, m· Ti, 1²8· m· 4414441
Supina T. 1444441 4411. 1, 844. 144, 44
8111141141 S. iii, 4. 114 surgite 4111111
8111111118. 444447 8111311114.41,444.1,ἥ4.14,4ω. 41,
811111114444 - 444. 1418. 8. 444144
SupplerltT. 14, 444. 8. 444444 8111114118. 44484. 444, 4. 444. 411
Supplex Τ. i, 444. 444487. 1, 474. 14, 8.4

414441. 144144. 1444444. 1, 44. armemur, 4144

444. 844444. 1141111. 1,1..74. 81111111141Τ.14,474.8.4,4.44

Α. i. 44 SumxereA.ir, 184
8111441144484. 14, 474. 488. 144, 81111111.11,11.4111,4.11

111. su, 111. 41111. 41111. snoeepu s. 1, 1. 11

491 41141111. xi, 11
41ρριίοῑιτ.11.111.1111,ι11. 14148. 8111111144111. 1114111. 14, un·
1911414111 xri, 111. s, 1, 41111 41111. Li,

supplicibus T. 1, 744. 14744. 144, 444 444. 44711

 

