fflffi

0⁸2 Te ii, 291οωο ’,0961 ,112811
848. 1111411111. 11, 11. xii, 568.
8. ii. 6. 91

0111111111111111. viii, 19. 8111,

0111114. 11, 461

0111111. xii, 554

01115111 Τ. 11, 568. v, 164. vi. 155. 111,
169. viii, 169. 11981. 8. 11, 1. 65.
„hamam

Ostende Τ. 111, 821. S. 111, 4. 8

0111161111.11,81. 111411. 11, 188.
1, 459. 818

0111141111Τ. 1111989 ,

0111111111. 11, 618

0111116111111Τ. 1111619

0161161111 1111, 648. S. 1, 1. 94

0111161111. 11, 169. 11618. 1, 815

01111118. 11, 58

0111111118. 11, 969. 11, 518

0115111111. 111118. abi, 195

Ostentum T. 11, 641. 111, 696. 11 185.

· Λ.11, 148

ostentasset T. 11, 684

0111111111 Τ. 1, 51

Ostia T. 1, 146. 11898. 617

01110 T. 1, 511. 11466. 11, 965. 11, 69.
111511. 1111565. 11898. S.i. 4.
91. ἰν,1.91. 11996. 111868.
1189

0111111118.1,9.66

Qmwms

01111111Τ. 111, 819. 11, 655

0111 1111988496

otia . iii, 8. v, 199. 11 111. 886. 111,
86. 451. 111114. 1, 91. 156. 925. 11,
951. 1116. 8111111115. 1, 8.
mmmwmafflmmm
49.11,6.9

0118. 11, 9. 86

Ovum T. 11, 681. 684. iii, 266. 1, 4.
viii, 996. ix, 488. 1, 451. 849

Ο1111111118.1111. 111891. 111664.
111585

0111111111. iv, 841. 8.11, 1. 99

01111111 T. 11561. S. 1, 2. 919

011111 T. 1, 158

0181Τ.11,676

0111181118

0111111. i. 586

ovilibus Τ. 1, 46

0113111111 8. 11, 9. 86

Ρ.

Ρ111111Τ. 11, 166. 11861. 1111158. 11,
866. 448. 11 15. 111566
91115111 ἰν, 969. 11199

. 1111111Χ

Psenmau 8. 1, 1. 961

Paula T. 1, 889

9111111111. 11, 411

9111111118.1111.89 .

Pace T. 11, 881. 495. 141. 111, 255. 818.
516. 11, 596. 889. 1,116. 11414.
81184. 11,1.18. Δ.11,184.148

Pacem T. 1, 418. 11581. 11191185.
599. 651. 1, 198. 611. 111, 89. 541.

619. 861. viii, 186. 111.6111. 11, 165.

xii, 569. 8. 1, 1. 16. 1111. 66. 11, 8.
11. 11, 4. 46. 19. 82. 111158

91111. 11, 485. S. 1118. 184

Pacifer· T. 111 65

pacificis S. 1, 8. 189

Ρ11111111 T. 111688

1111112111, 441. 11, 298. 559. 111511.
x, 684. 8. i, 4.14. 11, 1. 111. 111, 9.

1)ιοὶιοὶ T. 1, 819

Pacu T. 11, 865. 516. 8. 111, 8. 58

Pacta Τ. 11, 898 ·

Paeti· T. 111558

Paeto T. 11, 161. 1111611. 1.614

Pactum T. 1, 5. 111, 119. 1, 584

Pactus T. 1111555

Pado T. xii, 414

Ρ11111 Τ. 1, 686. x, 818. 8. 1, 2. 9. 11,

Panna Τ. 11, 151. x, 866

Poeanes T. viii, 224

Paeonea A. ii, 411

Poonio 8. 1, 4. 168

Pagina S. 111, 9. 148

Pnlaemon T. viii. 185. 11, 881. 8111.
1891119119

9111111111 T. 1, 199. 111, 491

ΡιΙωωοηο Τ. 1, 14

Pnlaemonio T. ii, 881

Polemoni. T. 11 16. 1, 495

Palaestinas S. iii, 9. 165

Ρ111111111118.11, 1. 161. v, 1. 918

9111111111. 11 585

9111111111 Τ. 11141888. S. iii, 1. 146.

Pnlaestris T. 1, 498. S. ii, 1.116. 118·

Palam Τ. iii, 21. 11515. 11111181,
948. 589. 694. 11, 489. 1111458616.
3116116816

1111111111 Τ. 11, 91

palantum T. 111124

Palatia S. 1, 1. 81. 11, 1. 8

Palatino S. 1111. 88

Ρ1111Τ. 11, 889

Palearibus T. iii, 889

Palen A. 11441

Ρ1111111“.11111

, 1111111, 111. 11517. 11111. 11111.

1

 

