0111 1111111

1.10. A. i, 041 00110101 A. 11,810
1110100101 T. 11,100 Obliquum T. rum. 11, 000. 01101
Nympbuum T. 11, 880. 11, 004. 411. Obliquus T. 11, 800. 000
011, 0.0 01111111110101111. 1, 810. 11, 110.
Nympha T. 11, 00. S. i, 0. 110. 1, 8. x, 111. 111, 000. S. 1, 0. 00
81. 40. 04. A. 1, 008 0011111 T. 111, 000 ,
Nymphis Τ. 1, 000 001111 Τ. 111, 041. 11, 440. A. i, 400
Nyn T. 111, 001. 000. S. 1, 0. 001 Oblitus T. 11, 400. 111, 000
1111011100 0011111 T. 1, 841. 1, 400. 000. 1111010.
Nysae Τ. 11,008 1, 00. 0. i. 4. 01
0010011001 0. 111, 1. 00
obmutuit T. 11, 000. 1, 040. 11, 100
O. 000111 T. 11, 000. 1111, 400
· 000111 T. 1, 410. 11, m. 1, 800. 11,
0011111 T. 11, 000 014. 11, 001
obducite T. 11, 001 001110 Τ. 11, 410. 11, 808
00111110 T. 11, 801 0001111 Τ. 11, 414. 1, 000
0011111111 T. 11, 004 obnubit T. 1, 800. 11,100. 11, 004
00011111Τ.111,100 000111 T. 1111, 80
0011111011. 1111400 00011οΤ. 11, 44
0011111 T. 11, 100. A. 1, 001 000110 Τ. 1, 400
0011101 0. 11, 1. 010 001111 Τ. 11, 080. S. 11, 000

0011111 Τ. 11, 01 00110 A. 110
Obruit T. 1, 000 Obruerat T. iv, 100. 1, 000. 0.11,0.00
0011111111 T. 1, 000 0111111111 Δ. 1, 101 ’
0011010 T. 11, 0. 11,000. 11, 410 0011110. 1, 0. 00
00111001 Τ. 11, 0110. x. 410 Obruit T. 11, 000. 11, 400040. 11,000.
nummu. 011111 nu 111. x‚1. 1111111. .1,111
0011101. 0, 110 1. 1, 1. 11. 11, 1. ru. ι, 1. m. 11,
00110111 T. 11, 101. 1111, 000 004
objecto S. 111, 0. 40 Obruitur T. 11, 000. 1, 001. 1, 041
0011110111 11, 144. 11, 001. 111, 400. 01111111.1,108. 1111, 001. 01000.
31Ξίη101011Τ. 111, 014 0111111111. 11,,00849
Τ. 111, 800. A. 1, 140 00111111. viri, 00. 880. 11, 140. av,
001111 Τ. 11, 014 8. 100
0110011011 00101111 0.1,0.00
0011 Τ. 11,000. 111, 044 Obscurum T. iii, 108
00111 T. 11, 100. Sa, 8. 040 00101111 Τ. 1, 00
01111111. 11, 110. 111,04. 11, 040. 111, 0011111 Τ. 1, 000. 11, 440. 1, 100. Sd,
000. 0.11,1.04.1,1.01 &11⁸
0011110. 111, 8. 00 0010110 0. 11, 0. 80
00111111 Τ. 1, 000. 11, 800 0011111101 T. ii, 100. 0. 111,8. rw. v. 1.
00111111. 1111,004 10. 1,0. 10 ’
oum Τ. 11, 010 001011111.111, 000
1111ωο111010. 111,0οὅ 01001111. 1, 008
0011000111 A. 1, 100 011101111111. 0. 1, 4. 04
0111011111. 111110. mou v, obsequrusanm
Obi'ss· 111,000818113101000 801100101ὢ100οὥ1ὤο. 011000
nn .111, ur 01 .11,
001111101011400 0011011110 10800. 11,000
0011001111.1,010 , 00111100.11,0.44
01111101.11,1.10 00111111 Τ. 1, 80
0011110111. 11808. 1111, 000. A. i, 804 00101101 Τ. 11, 000. 11,001. 11, 408
obliquavit Τ. 111, 140 00110111 Τ. 1, 010
obliqui 0. 1, 0. 01 Obsistere T. 11, 800. 111, 140. 1,108.
obliquiu T. 11, 401. 010 010
00110110 T. 1, 100. 111, 011. 1, 001. 11, obsistite T. 11, 410

11. s. 11111. 11,0. 101 u. 111 0101111, uu

 

