1111 max

1111111111.11,479 198. 2, 111299. 11,7. 89. 9.·1,
1111111111Τ.11,919 171. iim
111111111111.1,199 1111911, 11198. 11, 118. 911919.
11111111 Τ. v, 891 111, 8. 119. 1, 1. 94
111111111Τ. 11, 75. 11,889.1,999. S. 11411111,1,197, 11, 291. 899. 942.
1, 8. 199 111, 999. 1111, 592. 1, 498. 111, 798
1 11111 S. 1, 2. 251. 11,1.99 Fidum T. 111, 499. 989
Festo T. 1, 292 11111111.11,299. 1, 989. 111, 279199.
1111119.11,9.97 911,1,98,111,9.119
Festum T. 11, 259 1111111 Τ. 11, 799
1111111911, 7. 184 111111. 1, 992. S. 1,1, 11⁰. A. 1, 989
1191111.111,957,1,997.11,15 1·1μτ.11,111.1.111,1,11
1111111.11,119.111 11111111’1.1111,599
1111111. ii, 219. 111, 459. S. 11, 92 1111111. 11, 599, 999
11911111, 111999, 11,699 11,-1111111, 757, 9.1, 2. 95
111119. 1, 9. 241 TigitT. 11, 129 A 1,]99 889
1111111.·ι,11ο 1181111Τ,1,974,11,294,799
111111. 11, 292. 11,288. 799. S.v,.1 1181111111991. 111,27
199 A ,194 1111119111129, 111,4,29. Δ,11,79
11111111Τ.111,999 1111191191111191111,
1111111111,1111111111111 11,2.99
592,1,491.111,992.1111598972.1111111111.·111,224.1,299,11,299.999,
917. 11, 519 952 711 1,.819 11, 11,979, 1, 899. 91,..959 1,,12
798.9.111,,.257ν,..1297Α.1,11111.1,992,11,.8891,.919.,91,4
197,11,77 7..941299.111,,.,11711Ι27.9.
1191111111, 987. 1111, 714 1, 197. 579. 11, 448
111113111111111,111111 11119.1,1,157
1111111111111.1.,191,9,11,1.1111131119
19.11,7,27, A. 11,91 1111119,“· 111, 8. 29
1111111. 111, 942. 91, 2. 191 11191. 111, 979. sii, 929
1111111119.“·11,9.99 11191111 11, 299
111.η.Τ.·ι,111.111.11111111.111, 11191119ᾎ111,1.159
289489, 1,199.121,111,911.11, 111911119,1,8, 98
889. 11, 999. 889. 998. 111, 979, 9. 111191111111111, 489
112711,9.99.11,9,95.99,111,9, 11111Τ.111,152, 11191992. 9491111,
59.11,.9199,1,1.77.11,1,498.821999119999.1,..991111,9.
117289299929 172.11,.,..9114.11229.1.1,198,
1191111. 11, 979. 1111, 579. S. 111,1. 291. 999
114. 1,2. 192 11111111.11,898.919.1111,989.9.1,
1111111111,Ι 1, 19 9. 119. 11, 1. 219.’ 11, 2. 58. 1,1,18
1191111, 11, 991 1111111211, 41. 111, 421, 11, 9. 99. 1,.·9
111911111111.9111111111. 91
899.117.492.999,’111,891.949,11,11,1μΤ 111, 959. 11, 999
79.1,921. 474. 927. 999. 11, 499. 1113191111. vi, 149
989999.111,217.579,1111,179,1111319111,’11,192,111,499
297.924. 11,87. 1292 988. 949. 1111111911,9.19,9.1,1.1.1,8.191
1198219.111,114.817.9.1,929 111ἓ111,111,497
111, 1. 991. 111, 9. 21. 111, 9. 9. 14. 1111911111, 494. 11, 141. 11, 791, 91,
1148111992119999194 1299
1, 2. 49. 117, Α,1,.999 11, 199. 299 11111111Τ31,288.1,798.111,99
1191911911, 5,4 1111119111,219.11,294.895.11,991.
111111’111,99.1,99,11,492.111,449. 11, 1⁰. S. 11,1. 298
viii, 299, S. 11, 4, 198 111111 T. 11, 949
111111 T. 11, 929 Finitima· T. 111, ll. 999
1191111111 Τ. 1, 999. 11, 972 Finitimi: T. 11, 299
1191111111Τ.11,915. 111219999. S. 1111111111 T. 11, 291
111, 9, 192 11111101 T. 1111, 91
11911 T. 11, 949. A. 11, 97 1111111111. 1, 229
1191 T. ii, 994. viii, 712. 11, 921, 111, 1111111, 11, 499. 748

 

