lN smum.

8111111111 Τ. 111. 616

Auia 8.11,1.114

Atticus T. 111, 609. 709. 8. 1. l. 102

Atttgerim Τ. 1, 466

Attigit T. 1, 671. 811, 1. 121

Attingam T. vii, 768

Attollat 8. 11, 7. 11

Attolle T. 111, 126

11111111. 111. 142.. ix. 414

16111116181. 1. 92

11111111, 107. 607.. x, 116. 81,
2. 176. 1. 1. 10. Α. i, 44. 417. 614

Attolle· 8111, 2. 111

Attollens. 1, 2. 142

11111111Τ.1,121. 11, 126. 11, 118. 11.
66. 11141. itt. 21. 11,1.11.
11,8. 11. Λ.1,446

Attonitis 8. 1, 6. 24

1111111111Τ.11,62

1611111111Τ.11,197

1111111111 T. 11, 479. 1, 622. 111. 492.

’ 8.1,1.116.1.1.14. 11111
. Attonitum Τ. 11, 90. ,111, 278. Α. i, 196.

611.11,169

111111111Τ. 1. 690. 111660. 111, 227.
462. 11, 676. 111,111. 466

Attoniti 1. 1, 111. 11111. 111. 11111.
vi. 669. 111, 118. x, 176. 669. 861.
11111111. 1. i, 1. 1. it, 1. 111. ι,

Attonitis T. 11. 681. 11, 182. 11, 686.
111, 127. 466. 11, 211. 1, 779

Attonito T. 1, 400. 641. 1111. 111. 8.1,
1.29. A. 1, 611

111611161Τ. 111, 689. 11. 600. 1. 871

Attonitum 8.111,1. 168. Δ. 11, 216

Attonitus S. 1, 2. thei

Α111111111Τ.111,109

11111111111111, 81

81111117. 1111229. S. 1, 1. 60

Attritis T. 1,924

Attrita T. 111, 684. Δ.1, 681

Attrita Τ. 11, 271. Δ. 1, 416

1111117.ἰ,111

Attulit T. 1, 409. 1111, 411. 8. 1, 2. 47.
11, 1. 11. 11,,111

Atyn Τ. 1111614

Atyn T. 1111, 666. 698. 604. 619. 8. 1,

Δ11111Τ. 1,119

8111111812. 122

Auen Τ. 11, 78. S. 11, 8. 26

1111111111 Τ. 1266

Auctum T. 1111, 161

Auctut S. 111, 1. 64

Aucupor S. i, 4. 120

11611111Τ. 1111, 684

1111111. 1,166. 111,122. 11, 810.
8.111,2.1

116111Τ.111,ῗ469. iv, 260. 1111. 64.
11, 621. 8.1, 1. 28. 67. 11, 7.27

Audaci· T. 111, 126. 11, 617. 781. 1,

. 810.111,10..8.1,1.49

Audacia T. 11, 729. 111, 127

Audax 1.,1, 11. 111. 111. 111. tv,
711. 11,194. 191. 610. 716. 842. 111,
111. 11, 111. 11111. 111. ι, 111.
696. 111, 760. 8⁰⁰. S. i. 6. 67. 111, 2.
64. 1,1. 116 ·

Aude S. 111, l. 114

Audeat T. 1, 419. 11, 612. 11, 268

Audebunt S. 111. 2. 76

Audebit T. 111, 197

Audendi T. ii, 648

Audeute 8.1,1.82

11111111 T. 11. 640

1161111611 11,668

8161111111 Τ. 11, 176. 11, 208

,416111 T. 1, 408. 410

Α1611 T. 1. 671. 11, 147

Audet T. 1, 441. 724. 1111, 611. x, 912.
8. 11, 2. 28. 11, 1. 16. 1, 6. 61

Λ16111Τ. 1, 811

Audi 8. 11, 1. 144

Audieram T. 11, 171. mul

Audiat T. ix, 616. 8. 111, 6. 6

«41611111 T. 111, 716. 111, 120. Δ. 1, 209

816111Τ.1,118. 1, 644. 11, 166. 11,
829.11.426..1.11,8

1111111111 T. 111, 149

61611111 8. 111. 2. 60

Audio T. 111, 782

Auditur T. 11, 694

Audire T. 11, 261. 1, 80. 412. 11, 162.
166. 111, 212. 11, 696. S. 1. 2. 42.
uo. 11111111. 11111111,

1111111111 8. 111, 6. 18

Audiri T. 11, 716

Auditis T. iv, 619

Audit T. 111, 286. 11, 296. S. 11, 7. 27.

Audisse T. 11, 261. 11, 218

61111191.1,088

1111111111111111. it, 411111. 116117.1,111.11,161. v, 110. vim.

111, 111. viii, 718. 11, 282. 668. 842.

111. vu, 111. 11, 111. 111. 111.

876. 1,890.889. 8.1,1.78. im. 111,1.296

111. 111. 111. ι, 1. ιοο
11111. 1. 1, 11. 1. .,1.11

Auctorem Τ. 11, 418. 762. 1. 684. S.

11.6.14

11111. 1, 111. 11111111. 11,
1· 11. 1111, 111

111111. vt, us

1111111.11,111

 

