INDEX

111

STATIUM.

151«ae 1111111111 : 88111111 001111111101111111111. 111 Το1011111111 0101111101,
prior 1111111111 11οῐ11111 1111111111, postcunt 11111111. In 8101111011 1111111111
librum 3 1111111111 8111111, pavemus venum designat.

Auen T. viii, 040

0011111Τ. 1, m

0011111 Τ. 1111, 000

0111110 Τ. 1, 104. 8. 8,1.8

001110 Τ. 111, 007

Abanta T. 1111, 440

00111111 8. 11, 8. 40

0010110411 Τ. 111, 870. 11, 7 08 .

0011 Τ. 11, 000. iv. 080. 111, 047. 1111,
447. 448. A. 11, 88

Abdere A. 1, 100. 000

0011101111 Τ. 111, 000 ’

Abditas A. 1, 000

Abdum Τ. 11, 700

Abducit T. 11, 740

Abducta T. xii, 111

0001111111 Τ. 1, 810

Abduxere T. 11, 140

Abegit T. 11, 04. 11111. 11111. S· 111,

01111111. 111. 11

0111111 T. iii, 107

00110 8. 111, 0. 100

1111111. x, 880

Aheno T. 11, 080

0011111111 Τ. 1111, 188

Abeuntibus T. 111, 708. 11, 811

0011111111 8. 1, 0. 0

0011111 T. 111, 000

0011111 T. 11, 148

001 Τ. 11, 000. 111, 080. 11, 810. 11,000.

1111111. 111, 111
11111. 11111
11111111. 11, 111

Delfi. 11 Ver. 01111.

00111111 T. 1111, 104

Abjoeit T. 11, 108. 1111, 080

00101111 Τ. 111, 007

00111111 T. ix, 40

Abiere T. 11, 118

Abies T. 11, 104. 11, 1000

Abigam T. 11, 018

Abigis T. 11, 700

001311 T. iv, 008

Abigunt T. 11, 110. 1, 00

0011 0. 11, 488

1111111111. 11, 070. A. 1, 170

0011111 Τ. viii, 071. 8. 11, 4. 84

00111 T. 1, 041. 11, 081

Abire T. 11, 481. 111, 180. 1111, 400. 11,
080. 8. 1, 0. 00. 11, 0. 108. 11,0.4

Abin Τ. 1, 000

001111 Τ. 1111, m. 111, 081

0011111 Τ. 11400

1111111. 11, 00. 111, 804. 1111, 400. 740.
11, 004. 040. 11, 00. 8. 1, 0. 00. A. 1,

0011118.11,7.181

001111 T. 1, 484 -

0011111 8. 11. 1. 07

0011111111 T. 1, 880

Abjungere 8. 1, 8. 70

0011111111 T. vi, 101

Ab 1111111 Τ. 11, 000

Ablegme T. 1,01

0111111111 Τ. 1, 880

,11111111 A. ἱ, 181

001111111ου1 8. 11, 8. 148

00111111 Τ. 11, 100

0011111111 A. 11, 047

11111. Stat.

 

