cxlviii

11111111Τ.111,455. 1, 584. 8. 111, 1. 80

Nimbis T. 1, 405. 1, 585. 1111, 425. 8.

Nimbo T. 1, 07. 111, 544. 1111, 501. 11,
525. 1, 555

Nimborom T. vii, 57. 1, 125

11110501 T. 11, 55. 410. S. 1, 5. 105

1111150118. 1,5. 80. 111, 2. 11. 44

1111501111 T. 11, 507

111115010111Τ. 111, 505

1111151111 8111, 1. 75

11111111Τ. 111, 275. 11, 04

1111011 T. 1, 555

11111111 T. 11, 517. viii, 427. 1, 287. 111,

Nimio T. viii, 255. 11, tot. 8.11,4. 27.
V, 1. 188. Δ· 1, 8611 888

Nimius T. 111, 525. 1, 405. 808. 81,

- 1. ⁶le 1. tot. ν,1. 11. m. 110.
11,4

Niobe T. 11, 125

Nioben Τ. 11, 582

11111 T. 1, 445. 8. 111, 4. 84

111111 Τ. 11, 405. 8. 11, 7. 55

11111111 T. 11, 552

1111111 8. 111, 5. 105. 1, 1. 19⁰

Nitobont T. Ι, 145

11111511 Τ. 11, 725. 8. 11, 2. 45

Nileus T. iv, 788. 1, 205. 11, 400. 8. 1,
81 w· iil, ¹0 2¹· 11, 11 ⁴· 11, 81 ω

1101115111. 511101. 1.,111. S.
12150.1,5.45.11,2.27

51110515 8. 11, 7. 105. 11, 5. 52
Nimium Τ. i, ‘¹¹⁰0 ll, 8881 s. 7, 11
51111105.51,1.1.11.11

Nitenti 8. i. 5. 55

111110111Τ. 11, 005. 111, 241

111111ιί501 S. 1, 5. 40

111101118. 1, 1. 55

1111110111 Τ. 11, 577

nitet T. 11207. 1111, 571. 8. 1, 5. 55.
111, l. 80. 111, 5. 00. Α.1,152.11,145

11111 Τ. 1, 255

1113111 Τ. 1111, 155. 8. 11, 2. 15. 111, 1.

5111ὶά118111, 5. 25. 1, 2. 145

1111151 T. 1, 501. 111, 557. 8. 11, 5. 1

11111511 Τ. 11, 200. S. 1, 2. 147. 1, 5.]2.
11, i. 04. 111, 5. 28

Ν1511108.111,5ι85

1111111018. 1, 2. 145. 212. 111, 1. 5

1111150111111440. 8. 1, 2. 252. 1, 5.

Ν1111111Τ.11,555

111101 T. 11, 502. x, 115. 8. 111, 5. 140.
11,1.25. 1, 2. 75

1111011111 Τ. 1,(102. 8. 11,0. 74. 11, 7.
81. 11,8. 57

11111571 .

11110111 T. 1, 545
1111001001 T. 1,155
1111011111 T. 111, 802

1111111111 Τ. 111, 518. 11, 524. 111502. ,

S. iv, 5. 155

Nitalis 8.11.5. 155

Nive T. 11, 704. 1, 500. 1111, 405. 11,
115. Α. 1, 477

Nive· T. 11, 155· 111, 255

Niveae Τ. 11, 555. 811, 5. 17’

1111111111. 11, 757. 8. 111, 4. 55

Nileus. l, 5. 50. Α. 1, 100

111111 T. tii. 554. 11, 550

1111111 T. 111, 457. 111, 552. S. 1, 2. 25

111110 Τ. 11, 758. 1111501. 570. 11, 080.
885. 8. 1, 5. 51. 111, 5. 5. Α. 1, 151.

1111101 S. 1, 225244. 1,4. 120. 11, ³

Nives T. 111, 58. 11, 854. 11. 445. 11,
104. 111, 518. 8. 1, 5. 25. 111, 501.
11, 5. 157. Α. 1, 155

Nl'flll! Τ· TV. ²⁴³· 711880· 81147,

Ν17115515 S. 1, 2· lm· Α11, 6811 ild„

Nivosi T. vii, 7. 111, 181

11110111 Τ. 1, 505. 11, 205

1111011111 8. 1, 5. 05

1111 T. vii, 72

11111 Τ. 11, 57. 8. 1, 2. 152

15118111. 80

1111011. ii, 218. 551. 1,Ιο

Nobile T. 11, ub. 11, ³82. 1, 570. R
11110. to. 11. 111111. 11,..
i& ii, 7. 114. 111, 4. 04. 11, 8. 4. 1,

Nobiles S. 11, 5. 51

Nobilior S. 11, 7. 54

Nobilius, 111, 2. 20. 11, 4. 2

Nobilitate T. 11, 157

Νο51111111.11,457. 111, 501. 1, 701. S.

..11110111

.1,

mmmm& 11101111 111,

11001111 T. 1, 278. titios. 11. 401. δῶ.
{11ab ι, 111. 1111. a t, 1. 11. tt.

1100001101 Τ. 11, 255. 1111, 50. 11,25.
11. 175. 580

Nocentes T. 1, 282. 111, 554. 11,·155.
;1,1180. 452. 485. xil, 55. 505. S. iil.

Ν 0001111 T. 1, 502

1100111111 Τ. 11, 202. S. 1, 5. 8

Nocentibut T. 11, 154

1100101111.11,54. 8. 11, 7. 51

Nocentum Τ. 1, 215. 11, 450. 8117.
117. 111 5. 4. 1, 2. 84

Noctu.. i. i, 111

 

