1011111111. . cxliii

11111. 1, 111. 11111 11041. 111. 110018
111, 1101. im. 11. v, 111 11101010111114
0100 Τ. 1, 170. iv, 00- 408. 1 117 0111511001 T· ¹¹. 2³²
11011111. 111111. s, 11111. 1111011110.1170011000

Α.1, 100 Mu ce S. 11. 1. 080
ΜΟΝΤ. 1700. 8.111.104. 1114. 0111111118.11,1.10
100 010110011Τ. 111, 178
110111. 0, 080. viii, 740 01111110118.11.1.00
0111111ο Τ. iii, 407. 8110. 117. 1111. Multam T. 11, 80. 01800. Δ. 1180.
o 100. 2⁶1⁵
04010 Τ. 0111074. 1040 0111001118. 111, 0. 10
010100 Τ. iii, 440 mulcente S. 1 0. 08
0101111.11000. 1088. 01700. 011, 0101011010 Τ. 1, 478. 811040
0. 111170. 8111000. mm. 01111010 Τ. 11100. 8. 1, 0001114. 48.
111001 1111. 11. 1111. 1. v, 1111 11110
Motum T. 10, 400. 11001 0111001011 8. 0, 0. 010
1101111. 1 100. 084. 004. 081. 11, 804. 00111111 Τ. 01. ⁸18
111 87. 410. 171. 80. 047. 11110. MulcetT.iii‚m,m 0111018. 01,
x, 111. 1111. 111111 1. 111. Α. i, 11
More T. 1, 000. 11040 Μ11111111.11004. Δ. 1, 808
0100101011 1, 710 01001011 Τ. v, 01. 01004. 11101. 8.
movebat 1. v, 111. 11110 111, 1. 111
01000010 8. 11, 7. 44. Α. 1, 407 011111 T. 1 088. 11001000 ml.
01000008. 1110. 101 140111 Τ. iv, 70. 01000. 11111. 11,
11000110011101. 01111180 080
11011111110111110. vi, 11. 100. 1111101· Τ. m, 1⁴2
1, 704. 11, 000. 11111110 0111110111011. 1840
1000000001 T. 11, 007 0111110110111 T. 0100. A. 11, 107
0100011101Τ. 11000 010111011ωο Τ. 11, 700
01000011. 11. 040 000Ιεὶ00111 Τ. 11, 701
01011111Τ. 111, 77 010100111001.111770
040001οΤ. 111401. 011178. 11000. 01001171ῑί01 8.117.40
111000. S. 1040 ’11111110101111100
0000011111 Τ. 11, 140 nummo 8. 111, 0. 100
Movent Α. ii, 007 0111Ιὶ10οφ T. 1 400. 011
0100111 Τ. iii, 07. vii. 018. 0111, 108. x, 0111110 Τ. 1108. 11, 070 et 111.
001. 8.10.08.10.0 11111101010041111.
01001111Τ. iv, 00 0101101Τ. 111, 07. 8. 10. 40
110001111 11111 Mundi T. 111 00. 018. 040400087.
1000011. i. 047. 11148. 111701. iv, 1100410010000. 001 107. 004.
77. 049. 480. 108. 140. m. 008. 809. 1, 018. 11111440. 111040.
01, 100. 480. 700. 0111000400. 11, S. 1 1. 41. 1, 0. 187. 111, 8. OE· 1110.
0007818011. 840. 1000708. 11, 70.10,1.17.117.04
400111180. 111110. 111111. 1111101.1,011.ν,111.101. 01004.
1111111111. 111111. 111110. ιὶ. 48. S· 0. ⁷· ⁸1
000 Mundum T. 1, 081. viii, 00. 004
Movent· Τ. 111440 0001111οΤ.11070.087.11100.11000.
010011111Τ. 1, 400 , 400. 0170. 0111000. 0111180.
01001111 Τ. 111 70. 111001 100. 100. 000. 114. 0. 1110. 88. 0,
MovitT. 1070. 111ω1. 11010. 011, 0. 00. 10. 74. A. 1184. 11100.
810. 11010. 111, 007. 010100 080. 887
01001001 Τ. 1, 014. 11040. 000. 800. Munere T. 11, 007. 1707. 0171. 1
1408. 480. 774. mmmm 000. 11104. 01100100. 10.
0111100111Τ.1,410 000. 111111. 111, 0. 104. 10, 4. 00.
10101001οη0 Δ. i. 400 v, 1. 01 ·
01111111 Τ. 111010 Μο0101001Τ.10,000
Magire T. 11800. 01100. 480. 071. Muneris T. 11, 700. 0111, 8. 180. iv, 0.
0111, 870. 1000. d. 014. 011108 108. 18. m
Magn Τ. vi, 08. 100. 007. 011, 700. 11 Mani· 8. 10. 174

 

