111 87671611.

8111167. 11, 888

8611111.·ι,111.1,111.1,111

661111611711, 666

8116111117. 1, 276. 667

8111161111 8111, 2. 161

81111611 Τ. 111, 61. 1, 886. 111, 166

8116111117.11,866.1176161676

8111611183 11, 6. 67

86116811, 87

81131117· 1, 62. 886. 111, 866. 268. 868.
11,1.68166.687. 736. 1, 628. 676.
1126. 1116186718. 11, 816. 827.
688.668.668.667.11,88. 176. 666.
8.18.78118..2611,8..881118.
68. 6.· 1, 666

81111161111868

8113111161 8.· 1, 8. 166

8118111118111, 8. 116

81111118. 11, 8. 88. 86

8111116731, 866

8111161185 11, 6. 6

8111111117.1,876.111,776.111118.
11662. 81118126. 1,1.166. 1,

8111111117. 1111, 168

8111111·.“1,666.11,226. 11182611,
86 81. 11, 266. 867. 868. 686. 111,
126. 1111116161. 616. 11, 678.
1,]68.176.666.66811616. 111,
11..6168.1,1.68.11,8.16.111,
6. 76. 1, 8.16

8111161171 11, 666. 11, 766. 111, 718.
1,661

81111111Τ.1 168. 1, 77. 678. 11816.
618.111,81.8.11,1..88111.8126

81116181, 8. 876

8111116117. 1, 268

81111Τ· 1, 186. 168. 816. 111, 67. 666.
11, 666. 686. 1111, 686. 11, 888. 1,
166. 686. 761. 616. 11, 666. 668.
111666. 8.16..8 611688

8611118111, 8. 68

861111117.111666

8111111Τ.1, 86. 8111111. 6.”11,666

8617111166.1111166111
177. 626. 688. 766. 1, 881 676. 668.
662. 11, 68. 282. 268. 668. 866. 111,
68. 687.1111

8111171666. 1,676. 11886 81,
8118. 6· 1, 678

8111111811, 8. 86. 11, 6. 66

8111111118.111,6.166

811116’·1.111,67. 111866

861111111116ι1111θ11111,
266. S. 1, 8. 166. 1, 618

86116116618· 11,6. 16

statius 1, 666

811618.· 1, 668

81111117.·11,866

Sumere S. 11,618

statuerunt T. 111, 626

8116116118. 111, 1. 186

8111617. vii, 216

8116117. 111, 166

81111181, 8. 17. 816. 868

81111181, 8. 86.·818

8111111111 Τ. 1, 868

8611111117. 11, 678

8111617. 1 86

sanetum Τ. 11877

8611131117.111,666

811111111111185111, 8. 77

81111117.11,666 ·

8111111118.·· 111, 8. 66

8611611118.·· 11, 6. 11. 11, 6 76 116
88. 1, 8. 88 ,

8111118.··1ι,7. 17

sterilem Τ. 11, 881

81111111 Τ. 1118. 111168. 1,168. 11,
888. 11166. 8111188266. iii.¹
1. 12.11,8.18.6.11,186

81111118. 1, 8. 12

6611167. 1176. 1, 67. 8111, 6. 681
11, 8. 87

81611111 T. 11, 686

8611111611 Τ. 1, 668

8111116118.11,6.86

8111111161 Τ. 1, 816

8111111611 Τ. 111, 186

811Α111111 T. 11, 666. 1111, 187. 11, 816.

11666

8611111117. ο1111688

81111111Τ. 111, 86

8111111811, 766 ’

81111111·.1ν,78711178.1111686.
11, 868

8111111183·111,8. 8

8111111611Τ.1166.668.111,66.816

811111111111116. 111666

8111111161Τ.111,766.11,868

Steropem 8.·1, 1. 6

Steropes 8111, 1. 181

8616611618. 1, 8. 166

StetT 111666 8.11,..686 11, w .

8116111761816. 1111186. 11, 676

8111111118.111,1.116

8661611111688. 11678

8111111· 1, 116.· 11, 866. 666.· 111678

8161611616. 1, 666

81111111 T. 111687

861111116711666

8111111117.111,111.111.1,661. 8.
1, 8. 886

8111116111Τ.11,666. 61111

8611611117. 1111, 68

8611611111111117.111, 687

stimuli T· Τ, ¹⁴⁸· TA, m· Χ, lm

Stimulis T. 111, 626. 11, 686. 1, 888

 

