111 111111

Amphitryoniaden Τ. 1, 100. 1,101. 1111, 01130111. 11, 001. 1111, 010. 11, 01. 01.
111..1,11.0.1.,1.11. 11, 111 · .11,111.1.1,111.111.111
Amphrysiaco S. 1 1. 100 011301 0. 1111. 00
Amph T. 111, 101. 000. 11, 001. 000. 0113011101 Τ. 1, 01. 11, 100. 1, 00
· 11, 000. 01, 1. 01 0030101010 Τ. 111, 011
0101111111011. 1, 000. 01110. 00 0113010000οι Τ.1,011. 11100
011ρ111111011.1,100. 1001. 11, 101. anguifero 0. ii, 1. 101
S. 1, 1. 101. 0.1, 001 0031111111ῐο S. 111, 0. 110
0011111111. 1, 100. ii, 000. 111000. 1, 01130111. 1, 000. 11,00. 1000. 000.
000111100011110010. 1, 001. 101. 11,01.100.010.000. 111, 00.
0111000. 1,1.11 ι,010.000.0.1,1.100.11,1.100
Amplexa Τ. 11, 110. 1010100 01130111 Τ. 11, 001. 0.1, 100
Amplexi T. 11100 01130110 T. i, 00. 110. 11, 111. S. 11, 1.
11101111ιί001 T. 111100. 11, 000 100. 111 1. 00. 1,1. 010
Amplexu T. 1, 080 0113011οΤ. 1 100. x, 10
Amplexu Τ.11, 001. 111, 001. 11, 01. v. 0113010101.11,000. 01100
10. 100010. 11000. 111000. 11, 0030101110 11, 000
011000. 1111000011. 01000. 0113011111. 111000
0οι 111, 8· ¹⁶¹· Α· 13 110 0113110101.11,080
0011111001.1,001. 0. i, 000 0030111 Τ. x, 101. 0.““ 110
000111010100. 111011. 01111. 0113011111.11,100. 01010
01. 11, 1.01. 11, 0. 00. 111, 0. 01. 11, 00301100111.00.111,1.10
111. ..1.11. 11110111 Augusto. 1. xi, 111. 0111111
0001011011. 11,οΜ 0030110101.11,0. ix, 110. 01110.
Amplius 1. 1, 111. 11111. 111, 111. 11, 11. 1111
100100. 1111, 011. 11, 000 An 01101 T. 11, 001
Amputat T. 111000. x, 010 Au 1111 Τ. 111, 000. 11, 001. 1111, 000.
01031111 T. 11, 000. ix, 100. 0. 11, 010 11, 100. 0. 111, 0. 01. 0. 1100
Amyclam 0. 11, 1. 111 0011011101 Τ. 111, 00
0011111111.11,000.11,000 0011111111 Τ. 11, 000. 111, 010
0011111110 11, 000 0111110110 Τ. 11, 010. 11 11. S. 111, 0.
0011010111.1,000.01,0.010 00
0103110011.111,110.0.10.110. 11, 031010011111100100. 11000. S.
000 010. 111, 1. 01
Amycus 1. .11. 111. A 1, m 1011011... 1. 11, 111
Amyclis 0 1, 0. 100. A. 11, 100 00111111 Τ. 111 000
Amymone Τ. 11, 208 0111111111 Τ. 11,110. 1, 010. 11, 111. 1,
010]11100111.11,100 000. 111, 011010. 0 1, 1. 01. 1111.
01111111οΤ. viii. 110 100. 1,0. 110
0103111111. 1111100 0111101111. xi. 1. A. ἰ, 000
0111101010 Τ. x, 010 01111111 S. 111. 0. 100
0031111001 Τ. 111, 100 00111111 0111000. 01110
Amythaonius T. 111, 001 0001111101. iv. 100. 11. 099· ¹» ⁸⁰⁰
Ancaeuuu T. 1, 000 01111110 Τ. ii, 010. 11 , 000. 100. x, 100.
00011111. 11, 111. 11, 000. 11, 100. S. οΑ00. 111, 011. S. 1, 0000. imo.
1, 100 .1, 100
101101111111.11,00.111110 0111111011.1,01. 111100
0011111111.111,0. 11, 111. 1000 0011110111 T. 1110
0011111011. ι, 000 0111111101 Τ. viii, 000
0010101100 Τ. 111, 011 Anien S. i, 0. 00. 1, 000
Anfractu T. iv, 00. 1, 000 Anien· 011, 1. 11
. 0113101 T. 11, 010 Aniene S. 1, 00
1131011110 01111101 S. 1, 010
11030111 Τ. 1, 111. 11, 000 01011111. 111, 110. 11, 010
011311 T. 11, 010 Auium T. 11, 010. 111010. 101
01131101 T. 111, 10. 1, 010. 0. 11, 0. 01 01111011 Τ. 1, 011. 010. 000. 111, 10. 00.
0031111. 111000 000.11,00.1.100. 11001. 111110.
Angue T. iv, 100. v. 000. 1111001 1111, 100. 11, 000. 010. 100. 11, 011.

Anguem T. vii, 100 111, 100. 000. 0. 11. 01. 111. 100.

 

