lxxviii 1111111

61111111· 1, 666. 111969. 6. 11, 6. 7. 61111111 Τ. 11, Θ. 6. Ι, 6.97
6.· 1, 969· , 6111111999
TaunoT. 11, 619 6111111116. 1111111. 111,,616. 11, ,
6111111111Τ.··11,696.11,676. 1196 996. 1, 691. 111, 696. 1111, 71. 698.
6111111631, 6. 99 11711796. 111,·966. 6.·1,6.166.
6111111116.111,1.79 116. 7. 117. 61111176. 1, 6. 17.
611111 Τ. 1111, 691. 6. 1, 966 Α··.1, 116. 616
11111111. 11, 699. 111666 61111Τῇ· 11, 666 111696. 666. 1, 116.
611111Τ.11,699 111691. 1111696. 11766. 1,161.
6111111191 Τ. 1, 766 11, 196. 1116191666. 6.1, 9. 976.
61111116.117.66 11, 6. 99. 111169. 11,6.69. 111,
611 Τ. 1, 696. A. 1, 696 166. 669. 697
6110 T. 1, 666. 111176 6111111998. 1, 666. 11991. 1111,
recem 1. 11, 111. s, ii, 1111 11. 11, 111 1,1,1 11. iii‚ 1 1111,
Fecere T. i. 177. 111691. 667. 11, 711. 6. 66. 11, 6. 19. Δ. 1. 919. 661666
111666. A. 1, 677 61111 Τ. 111666
feceruut 6. 111, 6.69 6116111111 S. iv, 6. 16
1111. 11, 176 1111111.11,11111.111
6111111111 11, 967· 611161116.111,96.669.11,679.11,
61111117. 111, 796 199.661.1,7.69 111196. inst-il
61111Τ611,166.111,661.111, 6616. 6111611111666
111969 “ 6111611Τ.1,696.11,616. 1116911111,
61111111 T. 1111, 769 161769. 1169111666. 111669. A.
Felicem S. 1, 1. 991 11. 169. 661
6111111 T. iii‚ 166. 1 767. 11661116, 61111111 6. 111, 6. 67. A. 11, 666
111,-1111111. 1111111. 11, 1. 1111111111111.1111111111.
161. 11, 6. 66. 1, 9. 169 111691661679. 11, 696. 1, 676.
611111Τ. 1111166111, 666 676. 666. 1166199911161696.
111111111111111.111111 676.1111,716.11,696.1116616.
6111116111Τ.··11,696. 11, 796. 111, 699 1,6.966
6191111Τὶ 11791 111191 6.11,6.611111116.1.167
67.1111.166.1116.19 11111111.1,111.ν,111.1111.
61111111,676.1119.11967.1,661.166.111,6.96.1,1.616
11,669.111,966.669.1111666.11, 611111116311,166
796. 1, 696. 699. 61⁶. 6.1...·176 1, 6111111Τ.111,196.1,76Ι
1611991166. 11,1.999.119. 111111.1ῑ,111..11111111 6116.
79111119. 11, 7. 96. 116. 1111. 96.υ 1116111169. 61961666
69. 111, 6. 96. 61. 66. 166. 161919. 111111. 11666. 6. 11, 6. 69
11,..16611,6.6611,6..69..7676 6.,11111Τ1669
1166611969. 11611911, 61111111Τ111618
9..66.169 176. 1, 6. 916 996 1,.6 111111111111111111
69. A. 1, mm. 11666 ’ . 1111111111
611111111699. 11699 6111111111· 1, 6. 9
6111111111 1, 666 6111111169 11, 6. 67
1111111111. 76 6111116117. x. 919
6111Τ.1,116.11,696.11,669.1,16. 1111111111...1111161111
991. 961. 671. 11, 7. 166. 111, 669. 61111111111111, 996
11,799.11,966.6·.11,166.161.11, iaie-T.'· 11166
6.11 6111111111, 918
6111111111· 111. 697 6111111111, 116. 1111, 666. 11,617. 1,
11111.11,111.1,11.11,111.ι,1111111111.11111. 1111
6171116996666166111 199..Δί1679
969.1,6.6 6161111666. 699669. 61996696.
6111117. 11, 169 v. 669. 11, 691617. 666. 111669.
6111111 11, 69 1111669. 669. 11, 179. 661 616.
61111117.111,.61111,666.6.1,.1999 997.11,9..69 111116116991.
6111111611661.1111666.11,·99.6.Δ.1,679
11, 6. 99. 6.·· 11, 976 6111111Τ.11,99.166.1,.6666.11,.9
6111111111, 666. 1196. 6,.1,1 69 611191

 

