’8888111 ·- 118818

cimam. 181812 cumdem ,021 ’
018888118811222 0181111888 8. 11118 82
(1181181Τί1221. 111, 81221821. 8,· 0188111881, 21218
ιιι. 181. 111181. ’.181888 11, 811 1111111111 {mo
0181118188810118 0188811888. 111, 2. 28
0111118811118. 82 aunuum 282 ·
clamantur. v, 182 01881Τ.·· 11, 122. x, 182. 811112. 122
0111111111..1,118. 18,.121 81112122 018888. 8 2 18·
· 01881881Τ. x, 21 ’0·1.811882 1, 881. x, 12
(2111182.111,881·(211..1“2.111,881181
, 01811181Τ.1,821.1110218088,0108888002
111. 81, 222. 811,80..818·18111,282 0118881ω2111882.8,221811,12ἰ11
1.122. 81, 222. 811, 182. 2221222 0188888810 8111, 182
cummi, 112. 81181· 8211181018888181111112828,222·
’08228 21882. 88121122. 222. 8111111111.ιτ.··11,882 ’
112..112.811.111,8111811.11111 0212081028, 122. 8211822
228822. 18, 1221212. 8,181.281. 0188818Τ.18,28. 81121. 81111812
288. 81, 828. 821811, 08. 22218. 01οὴ0181288
2,.222111,2.28.8,.110.8121 (1181818881111111121
21. A.i‚ 812 01888118. 8, 2. 28
0188888801, 121. 111, 28. 81, 822. 811, 0181118818, 1. 11
182. 8111, 222. 8118 1. 222 0188828111, 218. 12122. 18. 281. 21
0188881888Τῦ18,282. 8828 881. 81,222.811,221.182. 18122»-
0111111112.11.111.1.11,1118 2.22 xi. 228. 811181. 211,128
cino-is: 811, 2. 18 ι · ’0181111818Τ5 ι, 128
0181118111111811 0181811182 8, 282. 8111228812312
01881818 ’11181 2821 81 121 8111120. 1.11
818, 212. A. 11, 222 018118118Τ.111,172. aii. 818
8111111181..Τ..111,ιο11,112 emar. 811181 81122
021381181880 011111111121111188.1188818881.
01888811, 118. 111, 221. 81128 81 18218.11118.182.111,1.12
28081282. 811, 221. 81111822. 18,οΙ81881181882. 81188. 81882
81..1181,.181181 288. 8221 828018188811118811112122·
81,2.22.118111,8.28.111,2.12. 0181181118
8, 2. 2 ’.018888888Τ 8118221
,018181881112122 0111111112.11188.1118118.8.18.1;
01818811Τ. 8, 288 28
8111811118111, 222. 81111, 21 128 0188118818. 8, 2. 12·
clamosum, 118 0188881188111, 2122
018812. 8, 222. 818, 8121811. 22· 0118111882· 1, 118. 811112. 112. 1811.
811888101188 12
0111181Τ. 811282. 811822 0111181111. 8,.828 81811
8111111211881. 111, 108. 111111 Clitumnus( 1, 1. 122
01888Τ. 8, 28. 18, 2221 ιι,2211282.01181811“181,282
111, 181 0188181180 8111021
0188οΤ. 811, 882. 8.·18, 882 cloffiT. 881, 822 ,
chmmT. xi, 222. 8111812 0181118 Τ. 111, 288. 8. 111111
0188111 Τ. 18, 222. 8. 1, 2. 221· 1,1121. clud-101³. 18, 221
m, (2121 011111818Τ· 11182
018118 A. ii, 282 0181181Τ.8111, 10
01881818 A. 1, 22182. 111218 ‹ chaum& 81, 8
cluse· A. 11, 212 018188.8,1. 188
clusi A. 1, 128 clusere T ιι, 222·
8111188118,112.111,888111,818 01881281, 2821
0118811Τ. 8, 121. 8118,8 .12. Aa 1, 0181811888, 811
211111 Α.11,12201]11118888.11211221

01888Τ.“ 11, 812 1 01],111Τ1111,2221.11,1818112121822.
01141141Τ88ΤΗ ,11 218. 811112. 112. Α·. 11, fith‘sffl‘gfisf‘m'm' 81222.

 

