11. 1111111111. teon

111110 T. 11, 00. xii, 141 100. 110. 10. 11, 0. 100. 1, 0. 01.
111111101111. v, 010. A. 11, 441 A. 1, 110
111411144111411 , Homoloidas 1111000. 1111004
10.ιτ.1111.1.11,1.4 Hono... s, 11 nor
1111001110. 1, 1. 110 nonest.. 0. 11, 0. 04
1111411111111 11810. 111110. 1101111110.111,1.6
107. 001. 1, 44. 11, 08. xii. 040. 0. 1101111111Τ.11,004.1,000
11,1.017.11,0.10 , Honor T. 11, 041. 111480. 1100000.
11111111Τ.1,40.1107. 111, 01. 180. 11, 041. 1,110. 1170. 11100. 1111,
114. xi. 111. ..11441 111111. 1111111111. 1111.
1111111111. 111, 641. 11, 110. 11, 000 iii. 0. 14. 1, 0. 00. A. i, 70. 000
1111111111 S. iii, 0. 04 Honora T. ii, 000. 1, 40. S. i, 4. 00
11111111 Τ. 11, 010. v, 001. 1111, 000. 1, 1111111111,οΜ
060. 111, 010. 0. 11, 0. 10. 1, 1. 140. Ηοηο1110. 11, 1. 00
1, 0. 00. A. 1, 011. 018 Honoratam Τ. 1, 000
1111111 Τ. 11, 080. viii, 000. 111, 017 Honore T. v, 000. 1111, 100. 074. 1, 708.
11111111 Τ. 1111, 101. 007. 11, 008. 1, 11, 010. S. 11, 1. 06. 110.00. 1110.
010. 111000. 0111001641. 110. 140. 1, 0. 100. 111070
00. 11, 0. 00. iii, 1. 100. 11, 0. 40. 11, Honorem T. 1, 001. 008. 000. 11704111,
. 040. 1,1.00. ν, 0. 70. 100. A. 1, 000. 1, 00. 077. 11, 0. 000. 11401.
000 007. 700. 1, 000. 111, 104. 177. 400.
1111111110 Τ. 1111, 094 710. S. 1, 0. 11. 111, 1. 160. 111 4. 10.
Hipponideo Τ. vii, 000 11, 1. 40
Hippodamum T. 11, 410. 487 Honores T. 1, 070. 11, 80. 11101. 000.
Hippodamo Τ. 11, 046. 407. mm. 491. 010. vii, 000. 11, 07. 11000.
470 111 004. 010. 010110. 10100.
Hippolyte Τ. 111, 004. 000 iii, 1. 140. 11, 0. 70. A. 11, 444
Hippolyti S. 111, 1. 07 Honori T. 1700. 1100. 111410. 11,
Hippomedon Τ. 1, 44. 11111. v‚ooo. 111.1.,111.1111.141.111
000. 11, 004. 000. 704. 708. 814. Honoribus Τ. 1, 141. 0.11,0.1
11411441. vin, 144. o,o1. 1141. 1111111. 1.,114. 1111
106- 006. 004. 011044. 000. 11100 Honora Τ. 11, 00. 111604
Hippomedontn Τ.11,140.010.040.400. 1111111110.1,0.110.41.1,000 “
661. 1, 748. 111, 100. 704 Honos Τ. 1, 160. 078. 400. 608. 11, 100.
Hippomedontis T. 11, 104. 010. 1, 07 100. 110. 400. 11, 100000. 000. 740.
Hippomenen 0. 1, 000 v, 010. 000. 11181. 111, 000. viii,
111114141111101 00. 080. 1, 040. 040. 711. 11, 008.
111111111004. S. 111, 1. 10 111, 08. 04. 000. 000. 417. S. 1 0.
nomnium 111. 111. 11111. 11111. 111
1111100011 0. 11 00. 111, 0. 04. 00. 010. 111004. 11,
’1111111101400 1. 0. 07. 11, 0. 44. 11, 6. 00. 01. 1,
11111111. 11, 00. 000 1. 10. 00. 1, 0. 00. 000. 1, 0. 00. A.
1111 1111. 11, 000. 800. 111000 i, 007. 000. 000. 111114
111111Τ. 11, 100 Ηορ1111’.11,004. 1, 400. 400
11111111 Τ.100 Hopleus T. viii, 107. 1, 047.000. 070.
11111111 Τ. 11, 400. - 400
1101111οο1,0.00.100 Horo Τ. 1, 070. 1111180180. S. 11, 1.
Hominem T. 111141. 111104. 11, 10. 04. 11, 0. 70

“ 111100. 001. 011014. 10. 1110. 111111111410

70. 111111. A. ii. 100 Horam T. viii, 010
Hominoo T. 1, 000. 11408. 111000. 1111111110. 110. 07
ε.111.111.011.ι1.1,1.111.Α. 1101111110.11,0.01 ’
1, 010 .. ’ .. 1111111417.11,401.11080. 111070.
ἒοωψξΤῶἰιι,000”0. 11, 000. 1111, 000 01ἑ 0⁴³ 78. 11, 0. 00. 01100010.
omnmo ,11 n,
1111111111Τ.1,00.000. 111111. 410. Ηοπο10117.1,00.11,1ω
041. 11, 48. 04. vii, 700. 1111, 00. HorrendiT. 1, 480
000. 1, 700. 000. 11, 008. 070. xii, 11ο111110111.111000
100. 000. 000. 044. 0. 1, 0. 00. iii. 4. Homeodo T. 11, 110

neapo. ee 1... cn.. 11114. m

 

