mi mu

11, 101. A. 11111 11.10.101.117. 111. 180. 717. 8.
011811, i. 140, 400, 011. 11, 101. 044. 11, 1. 110. 11, 7. 78
01110070,11,400.1,17,11701. corpore Τ,1,117, 111118. 11. 10. 1.
111 111. .11.111.1.,111..,111. 111. .1. 111. 111. 111 111, 111.
111071,11,101.007.000.111.111. 840111011, 1111078, 11,17.70,
811111410001114101.1 107,171,001,,,,,110871081111
1...111011..111111..111,111111.11111,111,.0111.,
11170111 10111,ιο
011111Τ,1111, 1,11471 11114. 0011111811Τ,111.181,1111701111,01
1111118,1,1,18,1,1.11111 011111117111710 111801
108.1111,14,11,4.40,11,.101 01ψ11Τ,11,100,1008,,118Ἇ.111,
0011Τ. 11, 810. 111, 701 040, 1111μο 1111111177, 170.
catinus} ..1.111 110, ..111 1111111111. 111110.
0101011Τηί111 418,,811,1,18,,,1114,,.70.41418
01111118,1,1.180 01111111Τῖ 111, 118, 11, 114, 170
0111111111111, 11111, 111110. comparabam
11,,,111811118 011111,111111711,111
0111113117,ι1,811,111,01 011111ρί17.10,111
CornigeriT. 1111, 101 corripimur. 111. 188
01η18101111111,171.1111140, 11, 0111111111“··11,141,11004
1181111117 81111111111. 181, x 018
0181118111, 111. 117. 780. 1111, 117, 011111111Τ,Ι 111. 00, 1718, 01117
101. 1, 111. 478. 11, 440 011111111ρί181.1. 08
0111111011011001874 Currum 1111111118
8111118110.1.,111.11.1011.111. 8111111118
111100 0011111111· 1, 184
0011111Τ. 11, 141. m· 11, 110. 181. 071, 01111111·Ι 11, 171. 11, 044
1,100,11,,17110.087.111,417. 0111118111188
047.11,714,870,1,,111 171, 11, 0111111117,111,111
11018181141111110 corunc21us.÷‚1.⁷1
01111111.1,710.111,188,11,70,100.·,011111101111.111
440. 1,111. 11801017, 1111111, 0111111118,’ 1, 470
141. it. m. 110..480414.410. 000. 0010111Τ, 1, 071, 8,1,0.0
800.1,,710 11410, 1111011071. coruscisT.iv.A
81...1111 11,1,,11111,1..81Α,1, 0111111Τ,1,111,814,1ι,,141,1774
118111 Corycias. 1,1, 1
comum 11011. 1111, 881 Corycias. v, 1,114
curubim· 11, 180 ’ 0111111111·Ι 111, 148
0118111171· 111, 711 corymbi· T. 111, 170. 811, 10
0111111111Τ31,801,11,111 0111110111117
0111110· 1, 811, 11117 ,11, 108, 1, 011111111Τῦ 11, 710
17.11,100,11,418,8ι1118,11 0111111Τ11180
1.1111.1,1,114 CorytmT. 111. 000
8111111111,111,11,118,81,1,01, 0111117,ιι,0.111,1,014
111,1,,1111,,1110 0111οΤ.ιί,011
0111111118,’11,118,“11,111. 111, 011,01111111118,1,,107
x. 111 0111111· 1, 87
0111111111,1.,11111.1.,.111,111 8111111. 1. 111..111 11,.111 ...111
0111111οΤ..1111 11810 1,117.1,181.111,104.
commiss. 11, 1, 81 018, 001
0111111117,11,111,8.111,1,1 0111111110. 1181011171
0111111117, x.AAA 01111111Ίὶ11 ,810
0111111111..11,111 0111111117,1ἰ1101,111,401.,,1 11, S.
(1111111117,111.107, 108 11, A. 04 ,
1171800. 11480101711, 811111111111111
”,1,181.07104,11,008, 1104 cntemw ,7,0 1,101, 1,111
180. 117101111001007Λ811111, 01111111Τ,11,117, 11111
1101101. 418. 011. 11. 108, 104, 170. cute· T.' 11, 110
1, 181. 101 110. 11, m. 811. 10. 01111111. 11. 181

 

