41 TAM!

4111111Τ.,.147411.4ὔ8.1, 4.44 4111114141444
4111111117.1ι,14.111,.484474.8.111,ΔιιιρῦιΤ.1,441
4 44 4181111141, 418. 11, 114
ΑιιιιιιοΤ. 11114 4111411143· ιι, 444
Armatam T. 11, 444. A. 1444 4ιι1ρ11Τ.1, 144. nm. 11144411,
mamm 844. 1.774
41111111Τ.1,141. 111444 4111111171· ι, 84
4111111181474 411111111Τ.1,144.11,444
1141111411. 44 - 41111111Τ.1,144
ιιιιιιιῑιι.1ι.1.ιιι.111 411Τ. 111414. 81, 1. 144
ΛιιιιιιιιιΤ. 1, 141. 11444. 111, 474.· ιι, 411111Τ. Ιι, 474. ι, 488
444444744814. mmm 11, Διι11Τ.11,418.,174
144.441.111,444.474.1111444. 411111Τ.11,148.111,447. 1114744.
448. 1144114141 · 1114. 87. ι, 1. 414
41111111111Τ.·ιι, 844 4111111118.11,·1.144
ΑιιιιιιιιίΤ. 1144411, 48. 4.· ι, 414 471 4111111Τ.1,444
411111411Τ. 11, 44 4111Τῇ ι, 148. 111. 44.· ιι, 174. 11, 417.
4111141411444 487. 444. 448. 774. 111. 41. 14411,
4111414444· 848.11,444.111,184.8.1,.414«1,
11111111, ιιι. 1., ι. ιι 1,.111 ιιιι. mm ’1111ιοῖ
41111111181114114 111, 4. 44
4111111117. 1, ·444 411111Τ.ιι4448.1,4.44.111,4.47
4111111111Τ.ιι,444. 11144. 414. Attum, 188. vi. 488. 11488. 8.1,
44 447441444144411144
411111ιιιιιιιΤ.· ιι, 844 114114. 11, 7. 41. 117. 44. 4.11,
4111113117. 111, 444 444. 11, 444. Ιι, 474
444.11,.848 &iiam 41444418.111,1.184
Armigeri‘rwzmmas 4144111811,4...4441,484
Αιιιιι ιοΤ111444 4111411114.1ι,.444.ι,·1.4
4111311114111444 41111Τῦ ιι, 478. 474. 744. ιιιι, 481
ArmigerumT. 1111, 484 Anum· ι, 487. 414. 444. 444.· 11, 418.
Λιπι1ροιιιιιΤ.· 111, 444. 111, 74 447. 11, 44. 844. 1447. 444444.
411111ρο11141 8.· ιιι. 4. 44 11, 484. 474. 471. 441. 844. 448. vii.
41ιιιίιΤ. 1, 441. 444. 484. 11, 144. 484. 484. 741. viii, 744. 11,14.44.444.

4448114444 484. 444. 111,7.14.
488. 481. 447. AAA. 444. 484. 7118.
17, 891881 ¹1⁶· ιω· ω). 8941 4674
814. v, 448. 844. 448. 444. 784. 41,
144. 444. 444. 488. 418. 414. 111,
841. 887. 888. 444. 441. 484. 747.

1, 47. 444. 478. 447. 774. 784. 448.
11478. 444. 444. 111, 48. 148. 414.
884. 887. 411. 441. 444. 447. 8. 14.
44141. 1,444..144 11,..484 111,
4..74 1,.1144. 4.1,448.481.484.
11, 444

778. 111184. 148. 144. 174. 144. 1111111, 444. 444. 714. 11, 14. 48

444. 478. 11. 4411114. 414. 748.
144. 148. nomm. 444. 847.
1114441114. 447. 474. 844. 844.
478. m 111, 48. 144. 444. 714. 744.
747.8.1,1.18.44.1111144114.
141.1ι,.1.74 11,7.·44. vm.

88844411114418884447411,
441..478 18414444 444 ιι 4.
444.111,...44444444444..444.844
1111, 148444. 1,748.11,...1747414
111,·4Α44Ἡ 811, 4.44.111,1.44. ι,4.
44. 1174

148. A. ι, 444 m. 11, 84417. 444. ,11ιί11111 474. 744· ιι, 144. 478. 441.

444. 474

ΛιιιιὶιοιιιιΤ.· ι, 444

Amo T. 11, 474. 11, 448

ΔιιιιοιιιιιΤ. 1, 444. 11147. 111, 448. 11,
844. ι, 10. 444. 447. 11, 74411, 44.

784. 1,.14 ι1,144..444 441. 478.
874. 444. 444. 484 748. viii. 844.
484. 741. 1, 144. 11, 481. 484. 111,
481. 814141. 1114148 ign
ι,4.144

ιιι.111.ι,.ιιι 11484414 111, ArundineT.' 11444. 1,.484 ι1,844.

4884481144 41448441

m‚fflu,ffl

4111111Τ.1,184.11,4·44. 1114841111, 411ι1111111141η1474
444.444.11.484.484. 1441111, ΑιιιιιάἰιιιιιιιΤ.ι·,484

174. 81, l. 48. 4.· 1144
4111441841

4111114οΤ. 11, 444. 444.·11, 744. m
Ano-T. 11, 144. 444. 11, 411. 788

 

