11111

0111111111 01171

01111110. 111, 1. 11
0101111111 Τ. ir. 100
subministat 0. 11, 7. 110
0101111111 Τ. 1, 100
subnectitur T. rii. 001
0111111110. 1,1. 110

0101111111 Τ. 111, 110

subrident A. 11, 11
subriritA.i.tm

subruta T. 11, 170

0110110110 111, 171

0110110110 1, 007
011011011Τ.·· 111, 10. 11, 101
0101101110 11, 001
’ subsistere A.i. 110

0101111110 11, 110
010111111011, 1.Ιο
0101111111110 11, 010
0101111111Τῦ11,171.111,000
01011111111010, 070
0111111111011, 017. 0,.1100
0111111110· 1, 110. 011, ·1. 00
subtexitur 0··· 111, 1. 117
010111111011,10

0111111110 1,117
010111111101,101. 01,.011
0101111110. 111,·1. 00
0101111110 1, 070
0110111110· 1, 007

0110111110· 111, 1. 70
0101101111οΧ 11, 1. 7
0111101110 1,101
011110111Τ.111,.7010.,.1111,10
0111101111Τὶ1,100
01ω1011011,7. 111,710
0111101110 1, 100
0111110110· 11, l. 101
011111101101,107. 0.1,.011
01111110110 x, 107
01101111101111170
0111101110 .111, 107
0111110110· 11, 001
011110111Τ.1,117
0111111101, 111
0111111110 10110. 11, 101. s. 1111

00. 1,1.77. 1,1. 101

0111111100.1,1. 101

0111110 11,100 111, 110. 0. 1,1. 10
0111111110· 11, 071

01111011, 101. 011111
0111111011,0.0ον,1.70. .1.11,
0111111111δί10 1,.1 11

0111111110· 11, 710

01011111 01,1.111

0101111011, 001. x, 010. 111, 100
011011111011,100. 011, 0. 71
01011101,111.01,.001. .1.1,17

INDEX
- 0101111Τ.11,171. 11, 001

01011110 11, 711. v, 100

01011111101111, 011. 0. 1, 1. 100

0111111110 111, 1. 111

sudent T. 1, 010. 0. 111, 1. 111

Sudor T. 11, 101. 1,101.100. 1111111.
1, 010. A. i, 117

011011 Τ. 11,000

0101100170.111,111.117-101.1,

’ 111.1110011001011,17.0.

1, 1. 00. A. 11,111

01101110 111, 01. 1111, 7. 010711. 11,
710.,1701.11,01.Α.,1100.100

01011101οΤ.1,111.11,101. 11,.170 0.
1, 0101

01011110 11, 071

01111101, 10011010. 1111,1ει

01111Τ.11,000. 10011. A. 11,110

0111101,010. 111001. 0.,11 100

0111110 11, 01. 111, 010

sueto 0.11,7.11

0111111011,171.11,111 ,

0111110 11, 71.1 11,117.111,110.11,
100.0.11,.0.01,.117.111

0110111110·1,101.0111.11.11

0101111011, 010

01011110.1,1.10

0110110. 1,.0 170

010111101100. 0.11,1.10. 1,1.·

sufficereut& 111, 1. 01

010111111Τ.11,117

011011111Τ.111,100. 0111111111.
0. 1,1. 11

1111111111

0110111Τ.1111,110

01011110 1111, 111. s. 1,1. 10. A. 1,10

0110111101,ἥο

0100111011710. 11,100. s. 1,1.
00.1,1.111

01011311001. 111

suffundi T. 11, 111

010111 Τ. 1, 100. 11, 000. xii. 111

01011110.11,1.11

01111110 1111, 170

0111311110 111, 111. 000. ir, 101. 710

0111111110.”1,1.111

01111111Τ.1111,10.11,000

0111111110 1111, 010

0111111110 11, 101

01111101, 0

011101111111111. 111111

011111Τ.·1,110.111,101.11,110. 11,
1111111111111111.011110

01111110 ir. 01

0111110 111, 701. .1,000

01111110 1, 0. 71

01111110· 11, 17

0111111101, 01

 

