ιιι mmm. mi

ἫΤ. 1,101. 100. 190. 11, 160. 01111111. 1011110. 111001. 11,610.
1,10.1,109
6001100101, 1. 110 0111111166. 1111101111110.
6111111101, 1,101 001010. 11,.116 11,οω.11100,
6111116111 11, 001. 11, 1. 01. 11,0. 010. 1111000. ι,.1 11111. 111000.
100. 01,.600.11,.010.11,1.100.·
61111111ωο11,..1111,0.00 1,.0110 Α.1,1.1011,111
6111111111.1,110. 11010111110. oenum, 111. 1010. 0.11,1.10.
11,,110.111100..Α11,001 1,.1010
61111110. 11, 1. 01 0111111010, 161. 110100. 110.
611111110. 111, 1. 100. Adi. 161 161. 11,119.,1,171.176.617.670.
6111111011161610. 011100. A. 111100. 1111011. 11, 11. 0. 1,1.
1111 186. 1101111111
6111111110.1,0.011 6111111Τ. 111, 111. 11. 111. 1111119
6111101,1,00.11,..106.01,110 1,110, 111, 100. 011, 0.0. 11111.
611110111.11,100.001.11,111 100.· 111, 1. 00. 1, 0. 110
011111111111111111111,011111011111
110. 11, 071. 080. 111, 110. 1111, 011 6111111 T. 11, 100
111 goos. amma 1,.1111. 01111111.οο
1, 0. 00 0111100111. imno. 11101
61111111 0. 11, 1. 00. 1, 6. 70 Geminum. 106. 11, 100. 1111101
6111010111, 100 000 6111111.1,1.110.11111.100.1101.
011110110.ῑι.1.ι11 111..,1ιι.111.1ι1. 11111111.
61116111· ι, 00. 001. 11, 116. 111000. 11111110. 1111010. 11101011.
681. 11610. 1, 670, 11, 11. 116. 711. 1161160101. Tu. 111, 61.
111, 170. 106.111.110. 1. 666. 000. 170. 101. 610. 711. 0. 11, 1,16. ii. 7.
111. .1,11111111111111 ιιι, 11 01111. 11111. 1,111. A.
61.0.1,1.11.11,1.01. 170. 1111. 11101
100.11,0.67.1,0.01.1,1.1.01.71. 61111Τ. 1100. 11111. 000. 11011.
’6212661 Τ, 6. 111 Δ. T, 611 166· s· 1,1166
176. ii. 110108 6111111·.1,616.11000.1111160. 11,
(1111011111 Τ. 11, 11. 111, 101. 0. 111, 1. 111000
100. A. 11110 6111111 0. 111. 90
Genitori· T. 1, 101. 0. 111, 1. 10 Gonni T. i. 10. S. iii. 1. 10
61111111. 11, 161. 0. ἱ1,0. 11 61111111 Τ. 111110. 1111. 0. 111. “
GenitricemT. 11111 01. 87. 111, 1,110
60111111οΤ.1,111.601. 111161 inm· 611111811116, 1,1.101.0.1,

1,7Ι6. 11100010. 111100. 600. 000
001.611.1111,01.000.1ι,101.000. 61111Τ.· ι, 011. 611 11, 010. 010. 111,
1010011110101.11001110.111100 1110101. 11, 101. 111,
160.000101.11111Ι.000.0.1,0. 101.1111,001.1,000.11110.111,
11...ωο111,..17111,0..01111,01 0100.δο 01160. 11,1..10110.
100.1,.111.,11.06.101..61, 111..111116.,,.111.Ι1001,.
161. 111. 116. 666. 11, 101. 101. 117. A. ι, 160
111 61111111 11160
6111111110.1,0.17 6111111Τ. 111, 101
6111111112· 11, 011. 11, 110. 111, 7000. 6111111111· 11, 110
1111. 10. M, 001 611111. 111, 001
61111111οΗ· 111, 1. 0011, 0. 10. 111. 71. 61111111Τ. 1, 110
187 6110111. 1, 106. 11, 1118. 11110. 11,
6111111011, 011 111. 0.1,1.00
61111Τ. 111, 180. 601. 11, 009. 617. 6111111111. 1, 00. 11111
100. 111.ωο 111110111010. 11, (1.1..11101110
001.111,010.0.111,1.110.Α.1, 61111011103111110
001100 611110.ι1,1.110. 11,1,1
611111Τά1, 111010 11, 101. 11, 61111Τ,·· 111, 100
1011100111,010.1ιι1100.1,61111’.11,101

1111101011111. 1,11, (1111111060
m 01111.1,111.11,111.11,11111 ⁹

 

