111 1111111111. 'om

11111 S. 1,4.67 ’66. 1, 6.116
1111111.11,416. 1166 11011111.114.,6.11.86.1,6.161.111
11110111766 6. 61. 1116. 66. 11,1.7. 16. 18.
111101 Τ. iv, 667. 11166 66 -
11060111. i. 666. 11, 616. 1166146. 11111111 8. 1, 1. 66. 11111161. 14.
v, 671. 614. 11116166. 166. 668. 16. 111, 6. 76. 11,4. 14. V, 1.117. v,
111, 716. 747. 1111, 671. 1,111.166. 6168
610. 867.664. 111, 61. 8.1.1.166. Ῑ11111111118.1,1.64. 111, 6. 66. 111, 4. 18
1, 6. 161. 111664. 11,1.66. Α. 1, 1101111111 S. 11, 7.16. 11, 6. ΗΒ
416 1106111186. 6.47

’ Robore τ. i, 111. ii, 100. 11111. iv, 1......111111

messano· 'lma 'mn-⁴8⁰· Romlssffl 811, ¹0⁷⁰

111, 661. 11666. 686. S. 11,1.161. 1106011168.1,6.176

11, 6. 1. iv, 8. 16. Α.1, 176 1161111111 8.11,4.4
Roboribus T. 111416 Romulei 6. iv, 8. 61. v, 1. 67. 1,1. 11.
11060111 T. 11646 161 ·
1106111111, 166166. v, 110. 167. vi. Romuleos S. 11, 1. 61

166. 767. 846. vii, 717. viii. 616. 11, Romuleis S. 11, 6. 76 ·

616. 8. 1111. 66. iv, 6. 41. 1,6.116. Romuleum 61116166

Δ. ii, 116 Romuli S. 11, 6. 66
1111611601 8. v, 1. 16 1101116118.11, 1. 166. 1,1. 167
1163161111 T. 1, 66 . 11011111 Τ. 11, 18
60316160161111166 1101111116 T. v, 466. 6. ii, 6. 86. Α. 11,
Rogabo T. iii. 716. Α. 1, 66 196
11031111.1,111 1101111111.11,166. 111, 666. 11, 466. Δ.
11031111. 11, 118. 1, 661. 11, 666. 111, 1, 146

417. 486. 666. 8. 111, 4. 166. iv, 1. 1101111116.11,1.161

11. iv. 1. 11 11... 1. i, 111. v, 111. 1.,101
Roganti T. 111, 166. 11, 144. Α. 1, 176 11011111 8. 1, 6. 11
1103111 S. 1, 1. 106 1101118. v, 1. 66
1111311111 Τ. 11, 768 1111116111 T. 11, 674. 1, 666. 1111, 8. 111,
111361. iii, 716 168
Rofflt T· 111 flu· 138001 6136ωο 'ii’ 1141711616 ’116368

116. 466. 761. 11, 666. 1, 416. 418. 1101116. 1111. 116

616. 11, 676. 416. 461. 111667. 6. 1, 1101111111. 111116

4196. V, 11 1⁰² m· Atia„ Rom s. ianm
11113111 T. v, 467 · Roscida T. 11168. vii, 76
11031101. vi, 666 ’ 1101111. 11, 766. 8111116. 1111.
1103111111 8. 16176 164
11031101 T. 11, m 11, 766. 111110 11οκ11 T. 11, 666
1103111 T. 11, 646. 111666 110110 Δ. 1191. 611
11031111 T. 11, 664. 8. 11, 1. 111 Rosea· 8. iii. 4. 61
Regem 8. 1166 1101111111 Τ. 1, 717
1103116. 111, 666 11011111 T. ii, 167
11031 T. 166. iv, 471. 674. 111, 466. 1101111 Δ. 1, 466

448. S. ν, hm 11011111 Τ. v, 671
Bm T. 11 1611164. 1, 7. 11166. 676. 1101111118. iv. 6. 16

mo su 116,6ι ⁸⁵· ιω· 7311 71 '2 ²0 Ro„ s· '0 ¹· 67

61 1111161111 T. x, 664
Rogo T. 111, 767. 111100. 1111100. 8. 11011611 Τ. 11, 461

iv. 6. 41 - 110111. 11, 466. 111, 766. 1, 646· S· 11.
110301 Τ. iii, 177. 1,466. vii, 461. 11, 7.17

416. xii, 114. 146. 116. 161. 666. 6. 1101111111. 1, 666

11, 1. 14. 111. 6. 6. 166. 1,6.86 1101111611. ri. 686. Α. 1, 66
1103011 T. 1616. 11116. 166. 1111111. Rome 8. lv, 6. 76

111, 61. 466. S· ii, 1. 167. 11616. 1, 11011111. 111176

1164 1101111111 Τ. vi, 416
Roga· T. 111466. 6111. 166. ii. 6. 1101111. 11184. 1, 616. 8. lv, 616

 

