xliv 11111111Δ

congressum T. 1111, 004
0001111101 T. 11, 782. 11, 800
coni T. viii. 402. 707. 111, 401
0001111.1, 487
Conjugniin T. 111. 108
Conjuge T. 111, 087. 1, 118. 220. viti,

· · 008. 811, 0. 4. 1, 1. 07. 78282. 1,
conjugibus T. ii. 400. 11, 188. 111, 787
Conjngin T. 1, 208. 11, 804. 802. 481.

11, 02. 100. 804. 111, 100. 788. 1111,

A· Μ. 111, 0. 80. A. 1. 818. 082. 002.
0010100οΤ. 1, 408. 11, 801. 111, 170. ’11,

00. 11, 047. 11, 482. 870. 111, 080.

8. 11, 8. 80. 11,0.10. 111,1.07. 111,
0001011011 8. 111, 1. 117
0011111111. ii, 078. A. i, 022
0111111101111. 11111. rnen
Consequitur T. 111, 802
conseminans

104. 004. 11, 010. 11, 142. 888. 088. 001111111Τ. 111, 18

111, 202. 207. 818. 407. S. 1, 2. 28.
87. 111,8.11. 111, 0. 08. r, 1. 20.
120.188.1,8.00.1,0.04

conjurant T. 1, 108

conjurat A. i, 80

801101101110

conjux Τ. 11, 200. 882. 111, 08. 170.
878. 804. 11, 188. 288. 1. 121. 100.
11800. 111, 100. 718. 1111121. 1,
040. 012. 11. 148. 187. 111, 128180.
822. 040. 808. 81118102. 111, 0.
100110. V, 1. 11. 110. 122. 210.
220. A. 11, 280. 811

connexa 8. 1, 4. 120

connexis S. 11, 1. 87

0001111011 T. 11, 10

corinun· S. ii. 4. 12. A. i, 174

00111101 811, 0. 28

connitere T. 1, 084

0010111111 Τ. 1, 240. 11, 107. 111. 271.
070. 111, 08. 1111, 02. 280. 880. 627.
11, 010. 1, 708. 11, 102. 210. S. 1, 2.
180. 211. 11,8. 10. 1118. 118. 111,4.
04. 111, 0. 02. 1, l. 00. 1, 8. 241. A.
i, 241. 808. 000. 11. 184. 800

00110011111Τ. ν, 112. A. i. 101

00010011 T. 111, 800. 1, 02. S. 1, 2. 100

0011011111 Τ. 11, 180. 840. 11, 270. 111,

connubias. iii, 8. 121

connubium T. 1, 80

cono T. 11,280. 111, 801. 1111, 088. 11,

Conon T. 11, 21

conquesti T. ir, 28

conquestu A. 1, 800

consanguineas T. iv, 488

Contnnguinei T. 1, 107. 1, 004

consanguineo T. iti. 78

consanguineos T. 11, 01. A. i, 114

consanguineum T. 11, 407

Conungoinitnte S. 1, 1. 187

conscenderis 8. 111, l. 7

0001011118 11, 2. 101

conmanunt T. 111, 241

01111111. 1111111. 111. iv. 011. vi,
mmnmfflmm
1.,111.111,101.111. s, 1, n. 11. i.

0001111011 Τ. v, 080. 111, 728

0011111111. vii. 117

conteruit T. vii, 828

0001110118.1,0.88

8011111111.1,111. 11, 102. 812.
118. 111. 4. 40

0001111111 S. 111, 2. 0

consitio Τ.11,108. 11,4. 11, 708. 1,
008. 11, 100. s.v,1. 88. A.i‚ 100

contin 111111. 01111. 1.,111.
111, 180. 428. 008. 11,141. 8.11,0.
02. A. i, 072

00111110 T. 11, 822. 807. 080. A. i, 217

0001111010 T. iii, 172. 11, 827

0011101111ρτ11

00111101 T. 1111, 700

0001111101 S. 11, 1. 108

0011011 T. it. 210

consonet Τ. 111, 401

00010110 Τ. 1, 187. 11, 82

consortem T. 111, 428

00110111 Τ. 1, 84. 111, 100. 8. 11, 1. 20

Conspecta Τ. 11, 801. 8. 1,2. 182. r,

0110101110 T. 111, 008

Conspectum S. 11, 2. 40

0001111111 T. 111, 108

001111οΤ.1,288

Conspicit T. 11, 000. 111, 700. S. iii, 4.
27. Α.11, 188

conspicui T. 111, 101 -

conspicantur. 11, 487

conspirante A. 1, 188

0001111111 T. 111, 180

000111111111Τ. 11, 871

= 0011111111 Τ. 1, 124. 042. 11, 880. ⁵85.

111, 807. 11781. 111, 108. 1, 700.
1178. S. 11, 0.0

0011111111 S. 11, 0. 1

constringere 811, 1. 120

conruerunt A. 1, 000

00110111 T. 1, 08. 11,488. 11, 200. 8.
1, 1. 280

00111010 S. 11, 1. 20

consulerem Τ. 1, 287

0011011οι111 Τ. 111, 020

0018811111οΤ. AV, ⁴⁰⁹* -01, Two Ᾱ.1,080

0011101111 Τ. 1, 141

i
1
ι
i

1

 

