1111 num

8111111118114. 18 Auge S. 111, 1.48
Audite Τ. v, 788. 1,884 81131·111Τ.11184.11,188.11,188
Auditi T. 11, 847. iii, 851. 111188 8113111811878
Auditis T. 111111 8111111111 Τ. 1171
81121117.11188.11,8Ώ.888. 1187. &tmuium 111188. 81118181.
11185 1 8.
11111... T. 1. 111 113111. ..11
1181111.1,184.111,111 8111111 Τ. i, 485. 111, 8. 184. 848. 888.
11111111... fflfl 11441. 481. 1111, 88. 11888. 1,187.
8188111818. 88 181. 488
Andium Tdbm. Β. 1111751 A· T, Ausumg'ffl’mm' ἠΰ, ¹⁸· ω·
178 115
811111111Τ.11, 84. 441. 455. 111, 878. 8113111118.1,1.171.8.188
511.1,84. 8. 1, 8. 41 Auguribus 8. 1,1. 181
81811111811,1.11 Augurii T. 111188
81111111Τ. 111188 811111111Τ.11881. iii, 888. 1111.
8111111Τ.11581. vii 778 45
8111111111Τ.11885.81,5.8 Auguris) Τ. 11, 111. 11,887. 1848. 1,
8111811811, 8.11 111
8111111118.11,8.181.8.1,8.171 Auguris Τ. 11, 188. 1188. 1111118.
811111Τ.111,148. 11, 457. 1111, 188. 11111,111.1,11.11111
xi. 111. 111111. 1111111. ., 1. 1131111111111. 111, m
11111 1.μωιτ.1.,111.111,1.11
Averno T. 111, 188. 11,885. 111, 88. 811. Augustam S. v, 1. 18
1111, 84. 11, 11. 8. 1, 8. 871 Augusta 1. 111, 1. 88
811111Τ.11.188. 1111111. 1, 48. 11, AugustiorT. 1, 787
458. 8. 11, 1. 88. 1, 1. 88 8111188181 Τ. 111181
Auem T. 1878. 8.1,1. 181 Augusti-imus 8. 11, 8. 88
811111111 8.11.1. 178 Augustum 8.1,1.111. 11,8.18
81111111 T. 1111, 785 8111111118.11,1.81
8111111118 111111 811 Τ.1, 488. 11888. 8. 1111178.
8111111111Τ. 1, 787 11, 8. 18
811111 Τ. 111485. 1111, 188 8111 Τ. 1, 518. 11, 78. 11, 184. 887. 714.
811111Τ. 1, 581 718. 1, 584. 11, 18. 888. 1, 188. xii,
1&va. 1111. 1111. 111 111. 111111. m. 11 111.
8111111118.1111.171 11111. 11888487
811111 T. 11, 878 · 81111111 Τ. iii, 858. 11, 181. 111, nl.
18111111. 11, 111 11, 111
Avertere T. 11, 844. 848. 1,178. vii, 8111118111. 1858
118188. 714. S. 1, 8. 85. v, 1. 8111111Τ. v, 161. 11 78. 1111181. 11,
88 18. xii, 188. S. 11, 1188
8118111181,1.7 81181111Τ.1,115.11,174.11,884
8111111Τ. 11,81. 111, 788. 788. 1, 711. Δ11811Τ.11,888.11,885
11458 811111 Τ. 11, 818. S. 11, 8. 111. 1,1.
Avertitur T. 11. 181 118
8111111111Τ.11,884 Avidi T. 111118. 188. v, 181. 11418.
1... τ. 1, 111. 11, 111. vi, 11. 111. ι,111..1,11.111.11,1.111. Δ.
1111111. x, 1ι1. 11111. A. 1, 1111
518 8111111Τ. 111, 888. 1, 711. 111158. S.
1111111. 11, 111 11111. 11111
1111111111, 1. 81 ’ 811811ιί1111 Α. 1 588
81118111Τ.1,888. 1111781. Saum. 811881Τ.111, 188. 11, 451. xi. 117
1,1.88 ,4111111111 7111588. 11148818
1111111. xm! 8118118171. 111888. 11418. 885.
8111111Τ. 111181. A. 1. 817 8.1 11181111
1111 T. 11111. 11111 1111. 1.,1.11
ΑιξῆὶεΤΛί, 181. 811. xi, ffissa, 8. 8111 Τ. 1, Δ181. 111, 887. vii, 887. 811,
otu· 81875

 

