1141111111. ccxxix

’1.11...1.11,111.1.1,111 11, 1. u. .,.·111

Tritonem: 1, 54 Τ1111111Τ.·” 11, 711. 1, 884. 111, 88

7111111751414111. 1111881111, Τ111111111Τ.1,888. 111, 444. 1111, 484
444.744.744.11,87.1,845.111, Τ1υ1111711111,471.11,444
44.7 8.1,1.87.11,4.117. Amen. Τ1111Τ.11,448.111844.444.11,784.
’11, 44 1144. 8.11, 1. 184. 11,5..4 Δ.1,

711111418411. 48 844

Τ1111111Τ. 111, 185 Τ11111Τ.11, 184

71111111Τ.1 11, 448· 11, 484. 818. 1Ι 444. Τ111117.·· 11, 441. 11444. 1144. 54111,
8.111,1.44.48 444.Α.1,.411,441

71111111Τ.· 11, 848 Τ141Τ”111,448.744. 11,44.848.11, ’

71111111) hatonT. 111, 181 484111444. 1, 781. 847. 11, 444.
Τ1111111111Τ.1111,448, 4188441414. 111, 744. 81111184
8.111,8.144.Α.“11,144 7111111114. 11, 41
Τ11111111111Τ. 111844 Τ1411111Τ. viii, 154. 11, 444. 444
Τ111111111Τ.· 11, 888. 1, 844. 1, 474. 7111111112· 11, 714. 11, 991. 11147. 111,
111, 148. 417. S.' 1114118171 ll. 174. 187. 1111, 844. 1, 448. 8.·Ι 111,
Τ1111111111Τ.1,18.11, 474811, 4. 44. 1.151.1,.4 148
11, 4. 144.· 11, 4. 74. 11, 4. 74 Τ11141Τ.· 11, 444
Τ11111111111Τηί1414.1114711814. 711·111Τ.11,444.111,41. 11844. 111,
TroadeaA. 11474 Τ111111Τ. 1, 447. A.‘ 1, 884
Τ111111Τ. 11, 81 Τ11111Τ. v, 441. 11, 484. 111744
ijo T. 1, 448. S. 11, 4. 44. A. 17. 444. Tuentur T. 1, 448. 11, 744. 1111744. 1,
11, 1111. 111 111. s, 1, 1. 11
Τ1ο]118.1,4.188. 11,1.117. 1114144. Τ11111Τ.11,47. 11481. 8111477.
118148 Α.1,444. 11,.44818 11,4.14
7111111Τρ 1, 444. S. 11, 1. 144 Τ111111Τ.· 11, 114. 8. 114. 84
ΤῐυμηιΤ. 1111, 444. 8.· 1, 4. 99. 14. 4·1··.11111111·1 1.818
’118 411844 Talnam, 174
Τ11111118ᾙ11,44.44. 14148 Τ11111118.· 11, 7. 44. A.'' 11, 44
Τ11111 S. 14 .145. 11, 1. 81. 11, 4. Τ11111118. 11, 4. 148. A.' 1, 484 .
144 Τ111Τ.·1,74. 111417. 1111441844.
711111181, 1.84. 11111111 “ 81111. 144. 1118. 44. 1, 8. 887.
Τ1111118. 11, 4. 88 444
71111118. 14. 141 Τ11111111Τ.111,444. 1111141
Trop 1111118511, 1. 48 Τ111111118. 1,1.81
TropphoeisT. 1, 48. 8.11, 4. 48 Τ1111111Τ.·“11,444. 8.111,1.148. 1, 8.
Τ1111111Τ. 11 84411, 999. 111, 854. 744 848
Τ11111Τ.“ 111, 477.11, 41. 444. 11, 544. Τ1111111Τ. 11. 444. A. 11484
111, 474. viii, 147. 1, 84 44. 11, 874. Τ1111111Τ.“ 1, 444. 8.111, 8. 44. SAA. 9,
474. 8.·111,1.44. 11141117 477
Τ11111111Τ.11,444. 111474. 8. 1, Τ..1111.ι.1111.11,11.111.11111111.
4.4 1111444. 11, ,48. 444. 748. 841. 11,
711111411184.1144111171.1,.147 444. 448. 111, 411. 8.1,1.87. 14.
4114814144. A.ii‚55 74.11,1.81.11,741.111,8.117.
Τ11111111111Τ. 11417 11,1.81.1,4.171,8.441. 1, 4.
Τ1111111111Τ. 1, 444 14. A. 1, 441. 11, 848. 844
Τ11111Τ. 1477. 111144. imma. Τ111111 8. 1, 4. 448
1, 458. viii, 4. 111484. x. 844 Tumebat T. 11, 48
Τ1111111Τ. 111444. A. 1, 118 Τ1111171111 T. 11, 818
'T 11111111 Τ. 11, 147. 1111, 441 Τ1111111111Τ.1, 148
1111111114. 111. 174 Τ1111111Τ.111,444.11,888
Τ111111111 S. v, 8. 44 Τ111111 T. 1, 114. 11418
Τ111111Τ.1,881 ’11111111111141444 1187481111.
Τ111111111Τ. 11, 444 48
Τ11111Τῌ111,474.8.1,4.47 Τ111111117.111,44448. 8.1,4.74.
Τ1111111Τ. 11, 84. 1111, 444 A. 1, 444 .

71111141184111445.1114748.7111111111.11484 ,’ , .

 

