in sunulun.

11111111 Α. 11, 914

1111111111 Τ.1, 199

lunanum, 977

1111111111 Α. 11, 181

1111116111 Τ. 11, 477. 1, 668. 11, 446.

hamum Τ. 1111, 689

11111111 T. ii, 189

{infringe Δ.1,144

Infringenu T. ii, 666

1111113111 Τ. 11 691

Infringit A. 1, 676

1111111111 Τ. 11, 698

111111Τ.11,99. 111667. 11, 918. 11,
881. 111, 717. 11, 764. 8. 11, 4. 98

11111118. iv, 8. 116

11111611Τ. 1, 691

infundere 8. 1, 4. 16

Intus· Τ. 1, 416

11711111 T. i, 496

111111 T. 111, 819

11111111 Α. 1, 948

1111111 Τ. 11, 877

Ingemui T. 11, 796

113111111811, 6. 66

1111111111 T. 1, 648. 111, 686

Ingeminant T. 1, 419. 111, 499

1131111111 T. 11, 468. 1, 694. 11, 866

11311111 S. iii, 8. 187

Ingemit T. 111, 89. 11, 866. 1,98. 11,
747. 111, 714. A. 1, 988

Ingemuere T. 11, 697. 11, 9. 8. 11, 6. 97

Ingemuisse T. ii, 818

Ingemuit T. 11, 447. 111, 799. 999. 1,
997. 11, 988 ’

Iugeuerat T. iv, 989

. Ingenii S. 111,9.64. 11, 4. 99. 1,8.186

11189111οΤ111,482· VT· 7121 s· 1, 61 6⁴·
11, 7. 88. Δ. 1, 868

1131111118.11,8.69 .,

Ingenium Τ. 1, 916. 11, 716. 111,168.
vii, ιι1. 111. 11. fi. 111. iii, 1.
67. 11, 4. 48. 1, 8. 98

Ingens T. 1, 18. 464. 618. 11, 49. 99.
961. 669. 111, 99. 669. 11, 19. 499.
711. 799. 778. 1, 194. 168. 11, 79.
919. 969. 489. 914. 944. 111,· 496.
mmmmmmmn
199. 189. 1, 964. 999. 11, 194. 996.
497. 111, 171. 999. 699. 8. 1, 9. 79.
1, 4. 71. 111, 1. 199. 111, 9. 44. 11, 9.
18. 11,6.98. 11, 7. 9. 1, 1.7. 179.
Α. 1, 161. 196. 976. 886. 468. Α. 11,

Ingentem T. iii, 89. 1, 949. 11, 989.
1111, 717. 11, 684. 799. S. 1, 4. 68. 111,
4. 61. A. 1, 487. 696

Ingenten'r. 11111111. iv, 11. 111.
111. 1,ι11.111.1,111.111.111.

cix

111. 11, unu. 111111. 111. ¹11, 111.
699. 1, 886. 111, 961. S. i, 1. 71. 111,
6. 69. 11, 6. 46. Α. 1, 666. 11, 984
..1,.. . .11,.
111,769. 1111, 989. 11, 979. 494. 1,
916. 896. 868. 879. 111, 666. 8. 1, 1.
91. 11,9.68. 111,1.186. 11, 9. 99.

- 1111111111. 11111111

1131111111111111. nnn. 1, 11.
;ῑ·’..1·..1111 n...

' 113119111Τ.11,897. 1, 984. 8.1, 1.

199. 1, 9. 46

lugenti· T. 111, 649. 11, 879. 111, 186

1131111811, 1. 44

lugent T. 11, 179

lugere S. iii, 1. 169 “

Ingerit T. vii, 467. 11, 894. 798. S. ii,

Ingessit 8. 1, 8. 88

Ingenua T. 11, 874

Ingemit Τ. 1, 869

Ingentum T. 11, 189

Ingiommi T. 1, 861

Iugiorin T. 11,664. 11,199. S. 1,8. 188

IugiurilusvT. iii, 649. 11,89. 8. 11, 4. 88.
ιιι, .

ingrata T. 11, 997. 1, 664

1111111861, 8. 186

Ingniiu T. 1, 799. 1, 678

Ingnium T. 111, 76. S. 111, 6. 89

11311118117. 68. 111, 6. 199

1131114111 1, 499

Ingrediens 8. 1, 9. 89

1191861111 T. 111, 678

Iugreunn T. 111, 99. 8. 11, 4. 9

11111111 T. 111, 999

1131111111 T. ii, 196

Inguen T. 111, 686. 11, 769

Inguina T. 11, 999. 11, 898. 796. 11,
648. 8. 111, 9. 86

Inguina T. vii. 887

inguinis T. viii, 686

luberet T. 11, 888

1111111111 Τ. 11,’1 18

1111111111 Τ. i, 696

1111011111 T. 1, 8. 8. 1, 9. 16

Iunonum Τ. 111, 66

1111111111 T. 111, 667. 111, 161. 11, 899

1111111111 Τ. 1, 899. 11, 698. 111, 689.

1111118111 T. 1, 716. 11, 196 ι

1111111111Τ. 1, 976. 11, 168. 111, 161

inhumatus T. 11,’999

111 Τ. viii. 197

Injecerut T. 11, 189

Iujeeit Τ. 11,469. 11, 699. 1, 449. 11,
998. S. 11, 6. 76

 

