clxxvi

2111111118.1,1.181
2111111112· 11,424

2111111111 Τ 1111, 181
21811101811,1.111
21111111 2· 1, 141

mm

2111111111Τ.1111,122.11,222

2111111Τ.1,122.11,.185 111,.421111,
125. 8.11, 1. 111

211111121211, 221

2181111118ῧ11,1.112

2111111112111121. 1111112. 11, 112. 211112· 11, 111. 1, 148
11,121.111,812.8.1,1..12111,.1121121811,·..1121 111,1.112

211111111211, 211
Pru-entem 2.1, 512
2111111118.1,1.11
PmideTaiimos. 1,.12182.8.1,1.
11.111,2.121.1,2.81.118
2121111118,1,2.111. 111, 1. 111
haim 211, 528. 8.·11,1.2
2181111118β11,8.12
habim· 1, 222
2181111112 11, 221
21121112 1, 225
2181111111Τῖ· 11, 121. 11, 221
21812111181, 1. 21. A.i,m
munuum. 1. 121
2111111111 2.· 1,121
2111111121, 118. 8. 11. 111
21111111831,4.122
218111111183111, 2. 111
21112111111211, 812
2181182 11, 241. Af, 2. 212
2111111111211211.112
21111111112111
2181111112 11, 121
1111111111..11,111 8.1,1.18
2111111112 111, 12
21111111112111. 181
2111118112· 11, 122
2111111111Τ.11,712
2181111111121, 12
Ρ...1..111.1.11.111
2111111121, 112. 1111, 588. 8.·11, 1. 11.
1,1.12. 111118
21811111δί212· 1. 211
mmmm S 111, 2. 81
2111111111111211, 182. 1,111

1221112121
211111112· 111 ,121
11111111111111

protexitur 811, 4. 1

21ἷὲ11118.1,2.211.· 11,1.111. 11,.1

2111111118.1,1.,25”11,2.12.82
2111111112 11, 111 ‚
211111111211, 111
211111112311,121
2181111112 111. 111
2181111111Τ 11, 212. 2.11, 21
2111111118.·“111,5. 111
21ι111111111Τ3 11, 12
Pramum ,821

2.121.,12.12.211,127

211112 11, 821 -

211111111Τ.·” 111, 121

21111111118911, 8. 21

2111111112 11, 112

2111111112 111214

211111121Τ.11,,122 111,.212 Μ. 1,
511.11,11111,121

2111111111Τ.111,111.128.181. 2.11,

211111111Τ.1,182.11,212.1,121.11,·

112..221 8111,2.1.2.11,212
2111111112· 11, 118. 111, 515

2111111111Τ.1,818. S. 1,111
mmmmm 111,.,121211,1
211111121,421.111,112
Ρ11111ο18.1,1. 112
21111112 11, 121. 8.,1281. A. 1,
2111111112 1, 51. 1111141. 11,121.111.
11.111.1111.111,141. 8.,11.12,
21111111121111,122.11,821.1.11

21111Τ.··111,112.8.11,1.112
21111111112111, 582
2111112.·· 11, 221

211111Τ.,11111.111,182.122.1,151.
11,221.111,112.1111,121.·11,522.
1,.122112.11.112.211.128.111,

131Ἣ111812Ἣ121 1,1..2211.1.

21111111211,111.8.1,.111

211111111Τ.·1,281.111,162.11,112.1,
112..1218.,.1228.11....12111,
2.112. A. 1212

2111112112.11,218.111.212.121.
1111,118.121.111.111.111.11,12.
222.1.211.111.11,111.112.
111, 1121248. 8128122211. 1,1.
11211,1..1211,.1411.11,8.121.
21,1.11.111,1..111,1..1111,.1
11.1,1.112.1,2..81118.1,1.

218. 2.1..188 122.· 11, 81
1111111211

211111111Τ.·· 111, 111
2111111111Τ.1,118.1111,111.2.1,122
2111111183 1, m
21111111Τ.1...211828 111,.122.81,

2.81..111,218.21,221
2111111112.1,511

21111112· 11, 828. 8.·· 11, 1. 11

2111111112111,121.11,ω. 8.111,1.
Ρω..η...1..1,111.1.111,1.111. 111, 81

2111111112··11,122. 111,112.11,121.

 

