11111 11111

0111101111οϋ, 1. 01 1111111110· 11, 171. 1, 041, 111, 000.
MomT. 1100. 1117. 710. 11, 220. 040. 721. 11, 111. 070. 1, 001, 11,
041011111401101170.1010. 007. 111,202.8.11,0.20.1,1.170
11,.80 01,1.01.11,2.1011 Μ1111111011,1140.11,0,0 ·
107 1111111111. 1, 272000
01111117.11,000.1,400.111401 11. 1110111117, 11, 247. 1111, 00, 400. 11,
770. 1, 704. 11047 · 720
Μο1111111Τ. 11101 1111111111Τ1,074. 11000. 1111001
Monate· 0111, uo 1111111117, 111, 200
10011111 Τ. 1, 240 1111111Τῦ 11, 870
Mortalia T. 1, 000 11111· ιοι Τ.“ 1, 0111
1011111110.11,0. 140 1111111117. v, 020. 11, 047
nomm! T· 111. ¹⁷²0 11, Tm· s. 11 'a MUTTTMCT· '7⁶2⁸' dyest· 8111112101
017 1, 000
0101111Τ. 11, m. 111010. 11, 702. 11, 01011411111Τ. v, Μ
100, 0111200. Α. 11141 11111111 Τ. 111070
1111111. 111, 00 Ι. S. 111, 0. 40 1111111111 Τ. 1100
01111111 111, 400, 11077. 1,741.111, 0111111111 Τ. 11, 012
100, 11027, ΗΜ, 11201244. 01111111110,11,4.4
000. 111, 0. 004. S. 1 1. 00. 1, 4. 01, 1101111111 Τ. iv, 400. 01112120
1,2.44, Α.1,127.11100 Μοιοι ·1·.11,407. 11177. 1,701. 11,
111111. 111, 040. 11, 448. 111, 000 100
Μ11101“.0,111.101 Mon T. 1, 100. 002. 000. 1122000.
Μοιιῑιιπι Τ. 11, 104 1111111111111. 1111377, 11,
1111110110, 11,1.111 280. 1,20. 111, 210. 074. S. 11, 1.
011111111Τ. 11101. 0. 111,0.104 104. v, 1, 108. 1, 1, 210
Morbi Τ. i. 100 Μοι110111Τ, 11, 10
0111011011, 440 01111117. 1000011. 11244. 11007.
Morbo 0. 14111 11004. 1,410. 11111. 1,2.0
Morbos 0. 11, 1, 210 0111117. 1, 100. 111, 110. S. 1, 1. 70
Mardum 012. 27 111111111011111111 11124.
11111111..11,111.ιι,ιω 410. 011, l. 210
0111111111οΪ 111, 4. 72 nomint· 11, 770
0111310110. 11100002741. 111100111111. 111200. 111,Μο
11, 240400. 1, 1011040422. 11,,0 1,.200
110. 077. 111, 100. 200. 402. 0118. Μαι-1111011011, 010. 111004. 11, 000,
11071104111720101122 1111,020...18000.,.1Ηω
020. 11, 024. 010. 111, 02002011, 011111Ιὶ111 11,077.440.0.1,1.10
4..10122010001000 11. 111οή111· 1,..40017“11027.000. 111,
200004 41..04 1211. 111700. 1111, 1871
0111111Τῦ 11, 000. 1, 00211711 410040, 000. 700. 11, 00. 040. 1,
1011111117. 1120 070. 712. 700. 11 000020. 111400.
0011111117. 1,.007 700. 0111110. 111000. 1,1..0
0111111. 1212. 1,,200 11100110. 172
111,100.001.0.1,0.00.111.100. ΜοηειιιΤ.11007.· 11,.,70100 1,.040
11220. 11,0.20.104.111,1,00.“ 111, 11,4.00 1111,.127 11707. 1,οΝ,
2001110100.11,0.80,11,7.40, 410.1ι,101080111704.0.1.οι
11,..,.,00711110,11.72.,.11 01.1ἰο,77.111,,1172
01. 141240. 017011 184 ΜοιιειΤ, 11700. 10111. 110000.
10111111711100011111 1.11,1.ι1ι.1.ῐ,111
1111101110. 11202. 11101. 11, 111111.·ι.111,111.10.111.10,111.
200.,1700.11,2ω,0.111.220.11, 11004
0..271,1.00 1111110117.107.ιι,00. 11174
Moriar. 111017 11111111111111111.11111411.
1111101αά100, 000. 1117001111040 47401011010111108, 1111141.
Μα1011117.11.040 11, 200.401.000.701.001.1, ⁸⁰2.
Moribunduan 11, 407 0110201104, 11,010.028.710. 111,
1101111011111. 11120. 1,.1 411070. 0110711οι 11111
04 1111111.11,111.11,111. 1111010, 0.

 

