11 11111111. lxxix

1111011 1111700 11111. 11141. 11, 480. 1, 020. 008.
11111111. ix, 000. A. 1100 11807. 1111000. 1, 21. 705. 8. ii, 4· =
1111111101.11111111., 22. 1,5. 14
71111180. 1101111104 1..11..1.11,1.11
feroces S. iv. 0. 07 Fertilis T. 11, 178. 8111, 5. 71. 11, 8. 20
1111111, 117. 75. 1, 2. 40. 110 1111111. 1414. 11168. xii. 119
1811111881, 084 Fertur T. v, 01. 1191001. 040. 1111,
111111118111400 009.11,808.1,140. 11107. 0. ii,
stiffi-12³0. 700. 11081. S. 111. - ἲο0. 111110. 111170. 1,1.00.
18 v .11800
111111111111111. 11111111. 1111111111. 1114111111..
0.11.78.1,0.111..1.Ι1111 8. 01. A. 1, 28. 440. 11, 81
11114οΤ,111,709 1111111111.11,701
1111111110 1111111111. ., 144. x, 411
1111111 11111 1111011152. 111120. 111, 701. xi,
. 1111101 Τ. 111 41 714. 8. i, 2. 200. 11. 1412
11111111. 11, 085. 111100. 1110 11111117. iii, 201. vi, 410. 788. 111,
111111111111117011 172. xi, 250 “
· 1111111111111 · 1111111.1,411.111.111.11411111.
,renem 1111111. 11. 411. iii. 111. 1111141. 1111111411 411
090. 11,οἉ 019. 1207. 11110. 11112000. 242. 11, 0. 402. 880. x,
728. 711010. viii, 210. 010. 191. 11, 2019781. xi, 202. S. ἱ, 2. 19
820. 1200. 11021. xii. 041. S. i, 1111111111. 11, 282. 812. 1170. 107.’
2. 01. 78108. ii. 1. 162. 1114. 77. 711080. 1111012
v, 0. 100.Ι 8-1, 149. 010. 507. 1118 1117011. 11, 017. S. 1 0. 10
Ferrea T. 1105. 11, 01. 11111111. 1111111.111171. 8. 1, 0. 05
111101. 220. 000. 1, 805. vii, 49. 1111111.ἱί,480.145.111,19.78.1,507.
viii, 50. 412. 1, 020 ’ vi, 814. 705. vii, 181400. 1111,
81111181110 445. 11190. 207. 544. 500. 780. x,
1111011114δο 257. 010. 009. 449. xi. 228. 712.
1111111411. 1.,141. 111111. vi. 111111. s. va. 141. 11111111,
82. 0121111010. viii, 124. 11, mm
188. 592. 002. 1984. 11011. xii, 1111112111 080. 11, 481. 11870. vii.
09181050.11,0.1.1,1.82.1, 004. viii, 200. 485. ix, 588. S. 11, 2.
2. 174. Α. 11090 48. ii. 0. 11. Α. i, 124
111111111111 11, 487. 491. 507. pessum Τ. vi, 780. S. 11, 8. 55
189. 050. fii. 174. 270. 099. 010. 11, 1711111. 111208. S. iii, 0. 14. A. ἱ, 240
9. 41. 80. 401. 510. 070. 750. 1. 127. Testis'l'. ii, 00. 11711011. vi, 244.
111. 100. 214. 214. 281080. 009. 11, vii, 451. viii. 215. xii. 240. S. 11, 2.
90.195.457.700.911. 11111. 00. 00. im. 105
100. 811152. 041. 709. viii. 451. 8011101024. 111748. S. 1 1. 87.
482. ix, 220. 292. 009. 509. 074. x, ι’, 2. 01
4. 1712Ιο. 502. 010. xi, 50010, 8111111. ii, 45. 140. 11, 771. viii, 104.
111. 111. S. 1, ι. 11. 11111. iii, 1. - s. 1, 4. 11. ..11
124. 11, 0. 51. A. i, 109. 481. 057. 8111111111.ἱί1,095.11,018.1110011,
11. 002. 448 080. xii, 101· S. i, 5. 7. Α. ἰ, 181
1111111111111.1000 Fessus T. 111 002. 100001. ix, 849.
111111111111711, 10 11, 7. 8. 1 1. 20. ii, 1. 10. ii, 4· 00.
8111111112 1010. 11475. 1111111. 111111. 1, 10
1111111141.1111114101. 111111. 1111. 111272. 11, 091. vi,
097. 11124. 10. 110. vm. 140. 419. 12. 924. S. ἰ, 2. Ι200. 11 7. 90. 1111.
442. ix. 19. 81. 702. 799. 1, 280. 40. 1112100. 01821109
108. 101. 812. 827. xi, 22. 291. 105. Festa S. 11, 0. 02
001. 009. 1112111811. 745. 8. ἰ, 81111111 ii, 88. 11, 840. V, 191. 1111.
1711111141. 1,1.199.11.11,187 70. iii, 1. 70. iv. 80 . .
1111141111. 11111411. iii, Festina T. 11, 800. 1, 740. 111100. 11,
99. 71. 408. 409. 1111001. 11051. 710.11129.11.1,148
11177. 011111. 1111111. 1., 111111111111
’1. 49. Α. 140 ¹ 11101110181111Δ4

 

