811111

11111111.11,.811888.111,.88.118 ι,

8.111,181..8188.1,8.188.11,8. 11111181Τ.1,188, 811,“8,.81 111, 8, ι

1118111.1,8.11,181.1,.881 81,8.

111811118Τῦ· 111, 881. 8, 118

1111118811, 111, 887

1118111131178,11,188.111,88.818.
1,818,1,888.8,111..8711,.8
181.ἰ1,8. 18

1111111111, 1,818, 1111,888. 1,878, A.

1111111111Τ.1,888

1111111181. 811, 888. 8, 11,8. 81

11111181.··11,81

1111111818, 8, 8 88. Α.11, 10

Mercedem 1, 818

1111111Τ.11,118. 111,,818.188..81,

1111111181 8. 11, 1. 18
11118111 Mem. 11188
1111111111, 881
1111111111Τ.1,881. Sa, 1. 881
11111811 8. 11, 8. 11
111118111111,1. 118
1111181181,11,818
111111111, 181
11111111.1,188, 811,1.88. 88
188.1,8.111
111111118.11,.8 111

181111. ii. 111. .11, 111. s. 11, ι.

1181111888. 1,11
MergumT. ,111181
Mergus 111, 888

. 1111111Τ, 1, 888. 8. 111, 8. 118

1111318, 111,.8 88
111111111.1,,888.11,8111,.8888.1,
8.,78 ,1.·1, 81181

11111111.11,888

1111111. 1111, 888

MergitT. 1,888. 111,818. 1111111.
11, 811

1111811111. 11, 888

1111111111,18.8.1,1.18

1111111 T. 11, 781

1111111181. 1, 881. 11, 188. 888

11111111 T. 11, 788. 1118781187

11111111,11,188.1,181.888.11818.
111, 818

11111111Τ. 1, 888, 81,878. 811. 81,.8

1111188Ι

1111118111. 11, 188

818,1,1,18
11118Τ.1,118,158.11,18.’11,8181,
188,888.11,811.111,878. ι, 111,
8,18.8.·111,8. 188
1111118111, 8. 118
1111111 Τ.11,811. 8.1ι1,8.11
1111111111.Ι ι, 11
Μ1ι1111181,1.88
111111111’1“.’ 11, 818
1118118111. 8. 88
111811.ιι,111.11,1.11
1111181,,11,811.11,888

11111818 T. 11, 118. 11, 818. 1, 188. 8. ¹

11, A· m· 111, 1·st T, 11 ”T
11111811.11,111, 11, 888, S. 111, 8.
11111111 Τ. 1, 818. 881. 11, 881. 111,

811111,168
111811188811. 1111111 i.. 111.

881. 11188, 111881. 8.11,1.88.

111111. 111,1.181. 1,1.1, 1,8.
1111811111.111,88.11,881.1,888
1111811 T. 1, 718, 11. 888, 11, 818, 111,

818.8,1,1.88,11,8.18.111,1.88

1111111111.1111,881. 8. 1, 1. 81. 11,8. ,

18.11,8.18
11111181 A. 1,188
1111111. 11, 888, 111, 888
11181811. 11, 118
11111118.1,,117.11,8.88.87.111,8,
81.11,.1 18. 11, 8. 81
1111111811· 11, 118. 8111, 8. w
11111111.1,888,1.11,888 “
111111.11,118.8.1,,888
111111. 11, 118. 178 8 8 88
Μ1111118.1,8. 17
111811111118.11,1,88
1111111118,1,1.18,18881888.
ffiLAm&w
1111111811, 111. 11, 888. 111,188. S.
18188. 1,1,8
111111181,8.18
1111111118Τ. 11, 881
11111181,8,188. 1, 8888. 1.1,8,
Μ111811.· ιι, 881
Μ111111111. 1, 818 ’
Methy 18111118.11, 8. 88

11111181.·· ιι, 188. 1111, 888. 11, 888. 8. 11111111.11,817.8.1,8,111

11,1,.81111,..8181,..18181,8.
81. 1, 8. 18. A. ι, 189

1111181888· 111, 1. 118

11111811· 111, 118. 111, 888. A. ι, 881.
11, 111

111111ιιιιιΤ. 11, 188. viii, 881. 811, 8.
11.11,.7 111

11111111.11,888. 818, 111, 881
11811111.ιῑ,811

1111118. ιν, 1. 88. A. 1, 858. 818
11111111, 818. 111, 718
1111111111.·ι1,188. 11818. 1, 818. A.
1111111181 1

 

