111111 111111· '.

11, 001. 1010. 111000, mm. 1111111.1,111,1,111.1111,11
1111111111.11,71.100. 11017. ,1,1, K
J uvenco Τ. 111, 001. 1111000
1111111111, 1. 101 1111110110. 1, 0, 0
1111111111111ΤΙ 11, 109. 11, 100. 111070.
11,110.007,1,288
1111111117. 11000 1.
1111111111Τ.1,000.11000.700.11,
00οΗ001147170011,00. 0.111, 1101111Τ,11,00.11071. 11100111,
102111210412211,4.74.1, 001.1,000
1,.1111,1.,111 .,11.111 ,1. 1111101111
101000, 11004 1101111111 11, 000
011111111Τ,’1,400,007.007.007. 1, 1,1011Τ311,700.1,071.111,10. 01,

· 111.11,141111.11111111111,1,111

07.1,040.100.0,1,0.170111,.11111011101Τ.11,000.777.1,011

1701110101.11,4.10.1,1,010 1111111171,111.1,11
111111111111111 1111οω10111 11, 401
,11111111 T. 11, 010. 1111, 000, 11, 001. 1111111111 Τ, 111, 110

00010000121071701110.1100111αΤ111,007

00. 11, 0, 00 1111111111, 010
,1111111101101 11111, 111100 1111111110.Ι 111, 00
1111111110,1,0,101 11111111.1,011.·1111017, 01,1.101
,1111101011Τῦ ι, 100 11111111Τ.1111,10011,701. 111000.
1111111111.11,1, 10 0.1,1. 11. 11, 0. 01. 10. 10
,11111111 Τ. 1, 400. 010. 11 001, 000. 111, 1101111111 Τ. 111, 00. 000

001. 11100. 11011000, 111000. 11011110110,11,1.01

000000. 111111, 1100, 1, 000. 1111111110,111,1.10

070. 0,1,2.71,01.07,00,107. 11, 1110111101, 0.(10

7, 70. 111, 2. 0. 111, 1. 0, 00. 70. 11, hbes'r. 111104

100. 11,0,11, 110, 10. 1, 1,11. 1101111011.οὅ

70. 107. 1, 0. 07, 1,1. 1. A. 1, 000 1,101 T. 1111, 700
11111111Τ, 11, 171, 1, 017. 0,,11 0. 00 1111111111Τ.11,000
1110111οΤ11..Μο 1,.01 011070,111111111Τ.11,000,11040 1,.001 11,

11, 7. 01. 111, 0. 07. 100. 111, 4. 101, 000, 1401111770. 01110001

111110. 1,1100, ,11111 111111Τ.1,100.000, 1110, 11100, 1,
1111111Τ,··1,111.1,111.111,111,0.111,111.1ί,11,111,111.1ω,711.

1010007011001110011 111,,.00011011,010.111,007, 01,

0.02.1,,,.010111,,007277 0.4,,.01100...1,..011111,1110
1111111110,Ι 11, 1. 40. 1, 0. 01 100.11,0.1011,110.009
111111111.11,000, 111, 17, 000. 1111, 111111101μο 10

000,001.11,700.1,000,100,000. 11011111’1·.1,100,11,070, 1,001.111,

1110117000100110001 0011071100111040

000, 11117 11001111111,1,100. 1111010
1111111111, 0100111100100. 111, 1101111111 111000

101001111000001110110 11111111Τ.11,000.0,1,,0.000 1,1.

000. 11100701000. 1, 040. 700 10. A. 1, 022

0,1,.0100.000,11,,.071111,.Ι.14 nummu

11, 000, 1, 1. 047 1110011111 Τ, 1, 070. S. 111, 2. 140
1111111Τ. 11, 000. 070. 11, 000. S. 11, 0. 110111Τ, 111400. 11,(100, 11, 001014.

10 1111,111111,111,111.111.8,11,1.
11111111011, 0, 01 14 ·
11111Τ.1,170.1111710.1,1..100 11111117.1,111.111,111111. 1,1.7

A.1i; 100 111,141.11,11181011,110.010.-
1111Τ.1,700 1,00.11,00.111100,010..01,1,
,1111011111 111101 01. 1000 00.11,1.117.101.111,
summ x, 111 , 1111111111111111111,

 

