111 mmm.

00111111, 11. s. 1, 1. 11. 1.,1. 11

01101. 11,101. ’111, 081. ’10. 70. 1.111.
111, 011. 011, Ι. 01. 11, m

01101 Τ. 111, 108. 11,110. 8. 11, 0. 00

capua. 1. i, 111. s. iii, 1. ss

0110101111 Α. 1, 100

οι... 1. 11, 101 -

cum Τ. 111, 011 1

carpam. s. ii, 1. 1

0....1. mun. 1111110. ..1.

cupit T· 1, 0101 ST, 7001 7901 11, “Tu
111, 111

0110111118. 1, 1. 100

011011Τ.11,101.8.1,1.100 ,

01101110 111, 011. S. 11, 0. 10. 00

0111111011, 110. 8. 1, 1. 01

01101Τ. 111, 011. 8.11, 1.11

011111 Τ. 11, 110

caryotides S. 1, 0. 10

Otryne Τ. 111, 110

0111111 T. 111, 110

0111110101, 011. 11, 1. 01

0111 S. 111, 1. 01

011111. 11, 101. 111, 100

cm Α. 11, 110

0111118. 11, 0. 10

01111011. 1, 110. 11, 101. 010. 1111,
011. 0. 11, 1. 01. Α. 1, 011

011011Τ.1111,110. 1, 100

01101101 S. 11, 1. 01

01101111. 1111, 011

cm. 1, 001. 1110. 11, 100. 010.

cm T. 11, 110

01111 T. 11, 00

’ emim 11. 100

0111101111111010. 101. 11, 100.
010. 111, 111. 1111,101.110. 11,111.
011.1,100. 11,100.100. 111, 180.
111. sii, 0. 11. 1,1. 100. Δ.1,100

0111111οΤ. 11. 110. 111101. 1111,100.
100. 1,100

0111181.. ii, 0010101 SV, ¹²⁹· ”T- VS,
111. 11,100.100. 11100. 101. S.
1,1.11

enno· Τ. 11, 010

0111011Τ.1, 010

Coum T. 11, 001. 11, 100

Cam T. 11, 111. 101. 111. 11,100. 010.
S. 11, 0. 01. 1,1. 00. 101

01108111. 8, 081 s· 11, Τ. 001 ST, 01 11

castalia T. i, 000. 11, 110. 8. 1, 0. 1

01111101. viii, 110

01111Ιὶ11 T. 1, 000. 111, 00

011111110.1,1.110

0111111011 S. 11, 0. 01

01111311 T. 11, 100. 11, 10

vem. ιι 1011...

1111111

0111131οΤ. 11, 011. 11, 001

011ομ111 8. 11, l. 11

01103110οΤ. 11, 111

catiget S. 11, 0. 10

011001011,1. 11

0111110111, 1. 101. Α. 1, 110 .

castissimus T. 111, 101. S. 1, 1.11

emor. 11,110 '

0111011. 11, 110. 8.11, 0. 11. 11, o.
10. 1,1.110. Δ. 1,100

01110118.1,1.110

00101. 11,110. 8. 11,1.10

011101 Τ. 111, 101. S. iii, 1. 11

011111 T. 11, 101. 11,1.111.001. 111,
101. 000. 001. 000. 000. 1111100.
1, 1. 10100101. 100. 11, 01. 111.
111,001.8.1,1.101. 11,1.111. 111,
100111.1,1.ι11.1,1.111.1,1.
100. Δ. 1, 101. 011

0111111 Τ. 10, 100. 100. 111. 101. 100.
,11111001 Sl, m· 3110710201 sni,
1. 18. 1,1.11. 11,0.01. “1, 1. 11.
Α. 1. 101. 010

0111101001 T. viii, 110. 1,101. S. 1,1.

cutum S. 1, 1. 101

eastun T. 1111, 000

0110 Τ. 11, 110

cuum T· Ti, 9061 101 4101 Ῑ11οω

0111111. 1, 11

01111001001

0111101111 Τ.111,010

01111 T. 1, 111. 101. 000. 1101. 111,
00. 010010. 010. 11,100. 001. 1,
11. 101. 010. 11,111. 100. 111, 100.
101111 101111. 1, 11. 111. 000.
m· [1,7001 ssim-¹¹⁸· ²2¹0 ii,
1. 111. 11, 0. 00. 1,1.110. Α. 1000

01111111 S. il. l. 11

011011 S. v, 1. 11

0110110011, 111. 111, 111. 111, 110

0101010111. 11, 001. 1, 001.
010. 8.1,1.10. 1111110. 11110

0111111111 T. 11, 111

0101101111, 1. 110

0111111101. 111, 01

caenam S. 11, 0. 00

0111111010, 100. Α. 1, 111

0110111 Τ. 111, 011. 11, 010. S. 1. 1· 01

01001111, 011. 111, 11. 010. 11,
moon· ¹9⁵2& lu, lu· 8111101 81
11,1. 1. v, 1110. Δ. 1, 001

0110111111 T. ii, 011

entem Τ. 11,110. 111. 1, 100. 001.
11, 011. Α. ἰ, 001

01111111 Τ. 1111, 001. 1,108. 111, 001

cainum S. 1,1. 100

0110 S. i, 110

(tatonem S. 11, 1. 00

110. Stat.

 

