111 1111111

1, 8. 47. 1 111180.111,778.8.1,1.107. 118.
0111111111Τ.1111,80 88. 11, 8. 40. 44. 1,1.18.88. 1, 8.
Damnare S. iii, 8. 180. 1, 1. 180 80. 144. A. 1, 888. 11870. 480
01111111 T. 1188 0111111 8. 1.8. 11
0111111111 Τ. 111, 800. 111788. 8. 111, 8. 0111111Τ. 111, 088. 818. 40. 1.8. 78.

118 1,1.180
0111111111 Τ. 11, 801. S. 1, 8. 18 01111Τ. 11488. 8. 111, 8. 84. v, 1. 01.
0111111111 8. ii. 1. 81 v, 8. 47

11111111. 11. 111 1111811111. 1111111111. .

01181118111Τ51, 47 ¹ 117. 84.1,.888
0111111111Τ. 11080 0111Τ. 111818. 084. 1, 088
011411111111Τ11Λ88. 1188. 1111, 888. 011831,1.87.11,7.108.1118188.
11 180 11887
0111111111Τ. 111484 011Τ.’ 1. 878. 11, 10. 188. 188 v. 880.
0181811 Τ.“ 11, 88. 8. v, 8. 800 804. 088. 708. 11, 107. 881. 027. 910·
Damno S. 111. 100 111700. 11, 470. 708. 880. 1, 17.
0188911814] 488. S. 18888. 11818118. 111,
0118111Τ1108014811788.8114.80.11,8.,.80.18180.1,8180-
0..84 11188. 11, 7. 88 Α.1, 188. 8110418. 418.11. 810
011111011481. 111.88 111888. 0111Τ11110 8808 11,.4 078. 1,
11818 887.1111100.1,.788 888. 8.1,8.
0111111Τ. 111. 1111487. 11880. 1, 81. 11, 7.80. 11111. 11, 118
714. 1..,1.811.1.1111.141 8111131111
0111117. 11887 01111.1,487.708.8.18.881.118.
01118111 1,884.· 111884. 111108 7. 111, 8. 88
0111111111 Τ. vi, 408. 1, 888 0111Τ.· 11, 178. 478 ·
01111101188811188. 11804888. 8811111111111. 1111008. ¹¹·
088. 111, 888. 11111, 881. 11, 141. A. 884.000.111,47.101
1,.91111. 11111 8111111111. 11111. 1911 131.
0111111Τ. vi, 848. viii. 888 111808. 0001118888)
71011. 1818. 11880. 888 01101Τ.1.488 111, 10 8.1,8 .180
0111101Τ. 1111 488. 11, 880 1, 088 01111111Τ.1, 848. 400. 11, 481111 081.
811118001008 11,.488111,...4814808111.84.111.
0111111111.1,1881.808. 11188. Δ. 88800
1850 011111Τ.·111, 818. 488. 481. 1, 888. 11,
01111111Τ.1,.848 1,818 880.111818.1,014.11,578. 111·
01111Τ. 11. 111. 11, 88. 1488. vi 880. 771. 8.· 1, 8. 80. 1, 4. 08. 1118. 80.
001. 11178. 877. 480. 488. 11, 078. 187. 1118. 4. 0. 11, 8. 10
704. 1, 11.877.080.8.111, l. 188. A. nature T. 111, 780
1, 188 0111111111.1,808
Dantem T. 111888 Daturum T.' 111, 818
01118311, 8. 81 0111111118· 111 8187. Δ.1,88
011111Τ.11,.8488. 11807. 11, 181. 0111101110.1,117.111818.11.
11118401808181881048 18811100
84. 11 100. ii. 4..4 1111701118 0111111111Τ. 111 844
10718811,8.8.1,1.181,Δ.101111118.ν,.8108
18018411884 “·0111Τ.11,808. 11888. 1111119. 11,
0111111818181 711811. 1888011001. 111880.
0111.11111Τ 1111114 809. 8. 111 8. 188
0111111110· 1, 714 0111 Τ. 14. 111481. 11, 718. 1,88.
0111111118.·1,8. 188. 18. 180 187. 1180. 181111. 1, 180. 188.
0110111118· 1, 8. 48 184. 881. 11804. 478. 111484. S. 1,
, 0110111118.111,1.01 1. 40. i, 8. 4. 84. 147. 1, 8. 18.
0110111111 A. 180 1114. 80. 1,8.18.811. Δ. 1, 108.
0111111111 S. i, 1. 8 808. 480. 11. 84. 840Ι
0110181111 S. 1, 8. 108. 1.8. 178 011111Τ. 1111708. 11, 081. 1, 885. 040.
0110118818. 1, 8. 887. A. 1, 81 8. i, 8. 14. 11, 8. 88. 81. A. 1818
0111Τ. 111888. 11118487. 11084. 0111111088. 8.1,1.180.Δ.11,888

 

