11111 1111111

ceni, s· ν, ⁸· 181 · · · 0001016118. 610606 ¹

Certim T. 118 476. 11, 678. 1, 668 61111111ω1.1,1.111

01110 Τ. 1, 808. 11, 806. A. 1, 888 011111611118. 11, 8. 04. 11, 8. 116
certum T. viii, 104. S· 11, 4. 86 multidicis 8. 11, 4. 78

cmm T. 1, 670. iii. 876. 1, 784. 111, 01111ὶά11111 S. 1, 8. 188

688.1,868.6.Ι,1.106.1188.176. 01111111Τ.11,106
' 1, 880 0611111111 Τ. 11, 876

cemT. 1, 166. A. i, 466 01111101111118686. 11. 174
0111111 Τ. 111, 678 chaonia· T. iii. 476
011111 T. 11, 667 , manniam Τ. 1800
011110186οὓ γ 611117.111,11111,1161111.11111.
cumanam· ¹⁷,an 11, “⁹0 TV. UH, ⁷⁷²· 81161, ,u m· 1180. ΙΝ· V,
affimmmmmghm ·
168. 680. 611. 616. 118 888. 8.i,l. 0611167611 Τ. 11, 46
87. 88. 108. 188808. 1188. 68. ο1111111.1.11,111
188. 1181111. 11,8.48. A. 8 880. (1111111111. 1, 160
868. 888. A. 11, 866. 888 . 0111111 6. 11, 0. 7
0111111110 11, 488. 1, 661. 11, 866 6111111816
0111111611Τ.118168.111,4 cunis& 188. 161
011111 T. 1, 184. 11, 816. 677. 11, 466. chely S. 11, 8. 110
18604. 118868. 1111, 646. 8806. chelyn T. 1, 88. 18866. 1118888. 876.
660. S. 1, 888. 1, 6. 6. ’18 1. 61. 11, S. 1, 8. 886. 88. 108. 8 5. 11. 11, 1.
4.08 7. 11, 8. 114. 180. 111, 666. 11, 6.
011161Τ.11,171. 818807 80. 08. 11,8. 88. v, 6. 1²2. 871.

(1111118111 8111111111
0111111886181 011111188808. 1,6.1. ii, 1. 11. 11,

οὕρίωτιῌθτ. 11, m· 11, που 'An 'omo 11, ⁴0 ”u 71111351 V,⁸=l⁵⁶u
111. 1811111111. 118111. 1.-1, 111
1. 86. 1,8. 144. A. 1876 Chio Τ. 18487.
ωωιτ..,1111.1,1.111.11,111 61111111,1.11.1.,1.11 ,
01111111 Τ. 11, 601 0811116. 8 8. 816. ii. 1. 80.Ι 1, 8. lu.
Qum Τ. Ι, ⁵⁸⁸ A· 81η Affimnflssssl. 188701
0111166111. 11, 617 ' 800
0111111 Τ. 18601. 8111111 0111111181, 106
01111111 8. 11, 804 01111111 A. 18111
6111111111111. 8. 1. 8. 10. 11, 4. 0111111111 8. 1, 4. 08. 88607. 686674.
48. 86. A. 8 848. 867 Δ. ii. 104
01111111181186110 0116116111 Τ.,11. 170. 8180
0111111181, 186 61111111818111.8111181115.
6111118161 1,1.11
0111111 T. 111. 688 0111611618668. 1, 6. 61. A. 8187
01116111 T. 1, 817. Β. 8 8. 87 chori T. 11, 870. 1, 106. 1181111, S. ii,¹
0111111 T. 1, 704. 18 108. ili, 868. viii, 8. 86. 11, 7. 88. A. 81011621
· 111. 1.,11. 8181. 11 6111111. 11. 111. 111. 111. 1811111,

emur. .,111. 1., 111 · 111. 1.1,1.11. 1,1.1. 11111
0111111111. 1, 787 Choma Τ. 1, 814. Δ. 1, 810. 870. fi,

6111188111 148164
cui Β. 11, 8. 88. A. 1, 668 0111111. 1, 8. 17. 188. 10. 1181. 64.
eucine Τ. 1, 861. S. 1, 4. 70 1, 8. 68. A. 1, 848
6111111161, 080 . “ 0111111111 Τ. 11, 607. 11, m. vii, m,
0111111. 1. 868. 486. 18817. 680. 11, 714. 1118111. 11, 868
886. 1118111. 111, 866. 768. 8. 11, 8. 0111111111 T. 11, 618. 11811. 11, 866. 416.
11. 111, 111. 1111. 11. 81111 111. 111. 11, 111

01111111Τ. xii, 118 Chthonii Τ. 11. 688
01111111. 11, 888. 1, 88 0618111111 Τ. 111, 170. 11, 607

cete Δ.1, 66 0111181, 160. 11611
0111111111, 668. 18646. 668. vii, 0111111Τ. 1, 608. 118678. 11, 740

111. 1118111. 8111. 111111. A. 6111111111, 111 .
18111111 (1111111, 1111

¹

 

