111 smum. cxlix

Nocte T. 1, 47. 498. 11, 198. 111, 9. 119. 1166661. 11, 899486. 16, 718. 1, 466.
148. 868. 688. 688. 11, 86. 489. 478. 747. 61, 77. 79. 848. 611, 869. 6111,
6, 79. 88. 198. 966. 611, 416. 1111, 684. 644. 649. 11, 64. 111, 116. 81,
688.,688.117..867981898888.18671148868846686
11, 149. 877. 689. 111884. 888. 868. A. 1, 474. 67811, 868
867. 8.,..1194 1,9...69.89198 1, 1111111Τ.1,969 ·
8.71.1,4.1181116.67.16,.694. Νο11111Τ.61,17...897878611,.487
118.,89.,..617819..991,..414 111,161.686.81,.11.48.18.16
9.1,6.6611,81.989 Α.1,18.1166 186 819

161.-111,· ι, 69. 1611116666. 66, 161661916161. 11166116. 166,
74. 818. 669. 111, 841. 16, 648. 6, 911166.1.171.11,116.861,1.1.
177. 11, 886. 868. 611, 889. 899. 1111, 111,1.64.88.11’,81.66
6666811. 11,699. 1,48. 169. 998. Ν1111111611Τ.11,461
819. 888. 111, 661. 8.1,..9941· 16, 6. 1111111118· 11, 999
18. A.‘1. 198 1161161117.16,994

NoctesT. 1, 816. 111, 76. 8781, 79. 461. Νο1111111Τ. 11, 489

· 611, 189. 69811, 676. 699. 111, 896. Noan. 1111, 98
486. 81987 111816 881 111, Νο1111Τ61749. 111666
§.mmm 1111118.111,4..,6818.46

1111111Τ.11,819. 1,886.8.1,6.99 Ν11111Τ.111,1698.1,8.69

1111116118.1,1.46.111,61 11111118· 111, 9. 197

661611 ι 111. 161. 111 66,66.61.16.ι.6.ιι.1.1.’·ι.,161
171. 848. 111, 8868176. 16,888. Νοε61111111Τ.1,496
879.1....64196948 61,.898 6111, ΝοιοοωΤη141.111.464. 111,681. 1,
144.” 11, 61. 618. 1, 18. 84. 114. 817. 468. 11, 874. 611. 111, 87. 814. 8. 1,
887.866.111.6.8.1,6.66.11,“.8161.8.8.16,8.86
11,4..6111,1.49.6,1.999.Δ.1,ΝοιοειΤζί,87.11,887..811,4.9
469. 646 1111616· 11, 614. 1, 769

6116111118111499 Nomi. T. 11, 69. 11, 697. 11, 879. 111,

Mummii, 6. 161 818

1161613161, 169 1116111118.6,1.178

Νοοι16131111Τ.111,188 6....6.66,116..,166. 111,489. S.

111611111’1’.··11,486. 111.46.16,616.11, 1,8.16
11111.8.661,1’.111.6.1,61 1111111117. 11, 418

1166111118111, 611. 6, 949 Νο116Τ. 1, 848. 466. 61, 168. 1111, 888.

18161111186, 7. 48 11, 817.1,.691 8.1,1.76.1,9.849.

Ν1111111Τ.16,499. 1, 999. 691. 611, 111, 4. 69. 111, 6. 69. 16, 4.199.16,9.
791 899. A.‘1, 117 ·

Nocturnum, 661. 694 1161111Τ.16,186

1161611111.616,161 1, 878 1111171688. 11, 96. 967. 111, 889.

Νοο1111111161,949 11, 196. 161. 1, 8618496647. 11,

1111111181ὶί, 1. 167. A. 11, 441 76669. 11, 689. 686. 11, 469. 111,

11161166· 11, 977 168. 811, 6. 96. 111, 6. 44. 6,8.86.

1816111119· 1, 991 A. 11, 61

1116181, 119 Νο11611831, 6. 47

Νο1111Τ-11, 968. 61, 844. 11,687 16.116.6.,166.611.16,611. 11, 688.

NodoTss‘ 11, 888. 16, 984 A.' 1, 678

1716617611, 78. 61, 899. 811, 8.8 11111111Τῦ11,81.11,699

11611111Τῦ· 11, 619. 111, 676 1111111Τ. 611, 4491, 468

11161616.·ι,111 ΝοιιηὶΤ. 11817. 1111, 16

Νο11111111 81, 6. 69 11111117. 111, 49

Nodum T 11, 646 Ν1111Τ. 1, 816. 649. vii, 898. 11, 996.

Ν1161111Τ. 61, 898 8111,1.’;64 A.'· 11, 818

Ν61116611Τ. 1, 816 1111116618 11, 489

11611811, 7. 86 Ν1111Τ. 111, 46. 1111, 881. 811, 9198.

Ν111118111,1.197 6,1.87.169

, 1161111411, 966 Ν11111Τ.111, 168

Νο1118111111181 m· ⁸6· 11611 92 Νο6881188111;761291 7131 167

 

