321⁰ 11000 01 0111000101111111 111010.

1000011001,11001000 0110011100 011111 101100010011010110000100
⁸ 1011111101.0040011101010000001,Μο0· 000 1010011101 01110111 111 00101.
001Ιο1 11011110. 010. 11. 000. 100. ’1101 100.
1011100,’100011,·01001111010,00111 40. 010. 100111. 11 viriatum,
10101 010100,0100010 40000100, 110- 0111011 041111, 01 04 010010 00 01110] Libri
110 0001001000111014010001 gurgun- 1110100111 04111, 1.·10111411001110 00·
10011011 01000. 108. 04 1111001011· 0101011100 111111011 04 001010 00 01110.
0111401 1000010 00011101014011101101 1100.1.1.00111.1.1.1ιο. 111010140
111010110100. 1. 01. 001 100100 in· 11040110 auu-uum& 0010110001·
1001011101, · 1100Ιο10 01040040 :³ ‘Hui 110. 1011111111. 01111111.- 0040 000 10110
101110111100011. ι0101101110ιο 10 0100 111101101,0110111110,001111 0410111001.
01000040000111111041001100,11011001- 10011101 11011140 11111, 001010 10 01110,
1001 0001010 11001 01 101000000110· 0110 11100010010411101100001111000.
1 tur! 111000. 4140101111110001001· 10 0011100111 0111111001, 0010 111010
1101 ι1.1011011100,’1011011,*01 0110· 0001100010 geum 1100011 101011131-
111001 10 0100 01 aqua decoctum 110· 0101.
1101111110,0100010010000111101011Ι · 41011010. 4101111110 00001 040·
111010. 0011. 1111111 00111 001110] 1001 0001000401 0010] interpolatore·
Et 1110 0001001 10 0111. 0101111101, 1100. 010 110101 041400001, 41004000101 000.
(1011041001 ρο00100111010011011000, 41110. At 10 1111. 1100. 1. 10011.
00010 legitur. Verum 1004 4111110 1. 1. 410. 1111010110 00041110. 12000100,
000111 temdum, 0011011011111111111. 0001000 Plinio 011010 101001000, 000·
4ο 1001 0001111000 10110000 04100001. 01011001. 110 1001110010 10. 10. ‘Mu-
14440 111010. 1. 1. mmmmm 110110 000110010ιο 04000111 0111 0001·

xmp* 001 0110 0111010 1011011· παχύν.. 0100401111οω 004411.’

 

