118 9719111111.

8. 11, 1. 918. 11, 1. 94

8111111111 S. 11, 8. 18

Bruti 8. 11, 9. 99

Bruto 8. 1, 4 49

Brutti· 8. 1, 8. 88

Bubo T. 111, 811

8118111111 811, 9. 89

Busiridos T. 111, 188

Bm· T. 1, 817. 111, 199. 11, 918. 1,
998. 111, 199. 948. 849. 419. 499.
497. 798. 8. 11, 1. 81. 1, 1. 918. 999.
1, 8. 98 '

1111111 Τ. 11, 897. 1111, 898. 111489. 8.
V, 1· ⁸⁶· '1⁸' m

81111 T. ii, 84. 111144. 119. xii, 99

Buten T. 1111488

8111 T. 111, 171

8111 T. 11888. 8. 1, 8. 99

81111 T. ii, 77. 1, 94. 191111. 11,
mo Δ· 19, 1⁵⁸

Byzantiacos 9. 11, 9.·18

0.

caccaborum 8. 11, 9. 48

0111 8. 11, 8.19

9111111119, 489. 8. 11, 8. 89

cacumin· T. 111, 49. 11 198. 111, 998.
1, 144. 8. 1, 4.4

cucumim 8. 11, 8. 9. 1, 4. 18

cantv. 1111. ιε, 111111

01811 Τ. 11, 888. 1, 481. 918

0181111 Τ. 11 884. 11, 149. 111, 488

edebant 9. 1, o. 1ο

(ludendi T. 11 998

018111 T. ii. 889. 111, 891. 11, 989

(ludente 8. 11, 1. 149

mm T· 1, ω. ix, ⁴²· Σ, 0901 81,
⁸· m· s· 9, 2· ιω· ii, θ· 46. 11, 71
w. v, 1. m ..111

cadente! T. 1, 988. 11, 994. 11, 899.
8. 111, 4. 91. 111, 8. 89. Δ. 11, 99

0118111118 1, 799. 11899. 1111, 188. 8.

canamus T. 1111, 497

01881111 8. 11, 7. 97

(ludentum Τ. 1111791

011181. 1, 779

cidem 8. 11, 8. 99

cuim. *2⁹⁸²

01811 T. 1, 947

01811 8. 1119. 149

01811 Τ. 11, 889. 878. 111818. 887. 847.
11, 18. 1199. 888. 798. 1111489. 11,
848. 978. 1, 814. 999. 11, 499. 111,
789. 8. 1, 8. 78. i. 8. 49. 14. 18. 19.
11, 9. 49. 1, Ι. 198. Α. 1, 944

[Mne Τ. 11, 148

xxix

1118181111. 1., uo. 1111

0181111Τ. 187

0181111111 11,888. 119. 1489. 11,
919.111,889

Cadmeius T. 1878. 111888. 111499.
1111, 488. 899

0181111111 198. 111, 889

(18(1111ω8Τ18,999

018181111187 ,

0181111. 1, 18. 897. 11, 899. 918. 999.
iii. 1111111111. 1.,111. 111. 11,
449. 1181899949. 1, 197. 998.
9991149949111118

018111Τ.11,119.11,488

01811111Τ.18. 11, 989. 1111, 981. 11,
898. 1, 797

0181111 Τ. 1198. 899. 11, 888. 11499.

caduca 8. 11, l. 919

0181818119. 189

018111 8. 11, 8. 89

018111Τ.1, 878. 898. 899. 897. 898.
11, 499. 111988. 1111, m. 499. 499.
849. 794. 1188. 81111481. 8. 1, 9.
78. 11118. 1,1.179

couT. 11499. 11,499. 1, 194. 719.
11899. 111118. 1889. 811891
1, w ’

6111111111

018111Τ.11,891

01811Τ. 11189

01111 Τ. 11, 788. 1, 889. 111884

01ωΤ.11Ν. 11411. 111, 791. 11,
848.111,989.8.11,8.19.1,1.198

cem, 111889

0111111111. 111, 48. 11, 199. 11,

01111111, 817. Α. 1, 817

cde Τ. 1, 887. 948. 11, 198. 111, Μ. .

11499. 1, 988. 11, 889. 111, 888.
1111878. 11, 999. 898. 1, 488. 487 .
747. 111, 874

codem T. 1, 418. 11188

cedentibus T. 1, 71

0111111111». 111898. 8. 1111.

Codes T. 11, 887. 799. 11149. ’1, 199.
111888. 11, 499. 1, 878. 1189

cedi T. 1, 899 y

01811111Τ. 1, 48. 11, 999. 819. 111, 891.
888. 1, 888. 1111,898.897. 11, 489.
¹, m· m· 817, 'dno Δ11,80 '

011811 Τ. 1, 898. 11819. 1, 949. 11,
149. 111189. 118.. 1, m. 888.
11181

cadumim .

01811118.1,8.988

edunt T· 141, 0101 kin ”n 8197, ⁸· ω

0181111118. 1498

 

