cciv 44444

Sea-nam. 4, 444. m, 444 ., 444 ’ sice. 4. 1444. vm. 444. 4414. w
Semtricem T. 4. 072 411000 8144414417. 41. 044
8444414444 Τ. 111404. 41140 8144444Τ. 41840. 8. 14, 8. 44
Semnum Τ. xii, 821 8144444 T. 4. 710
84444144 Τ. v, 480 814441Τ. 14, 874. 444
8444444441 Τ. 411. 424 8144404811.Ἇο
Sonent T. vii, 401. 4, 224. 8. 14, 0. 40 siccati T. 1427
savar. 111440 8144444411Τ.14, 100
844441 8. iii, 2. 112. iii, 4. 24 siam. v, 421
Serviat 8. 1. 1. 44. 14, 4. 00 814414 T. 14, 727. 740
84441114 8.11. 0. 84 81444 Τ. 1. 882. 8. 4, 8. 84
8444144 T. 1. 178. 14, 474. 14, 484. 400. 814444 T. x, 48
xi, 444 s, ii, ι. 44. ν, 4. 44 8144447. 41444
84441444 8. 4, 8. 70. A. 11. 180 8144444 T. 411442
844411 Τ. iii, 270. 8. ii, 2. 74. iii, 8. 44 Sicubi A. 11, 410
84441111 T. ν, 410. 8. 111, 4. 44 814414 Τ.“11, 278. 8.1, 4. 7. 11, 1.10
Servitia T. 41270 814414 8. 111. 8. 174. A. 11, 140
Servitium T. 4, 80. 8. 112. 100. 8. 11, 8144144 T. vi, 488
0. 10 814411 T. 14, 141. 8. 111. 2. 84. 4, 8. 41
serum Τ. 41, 881. 8. 1, 0. 07. 4, ι. 214 8144114 T. 411. 448. 8.1,1.8
844444 T. 14. 41. 411, 882. A. 11. 87 814414 Τ. viii. ⁶²
84444 T. 4111, 40. 8. 1, 4. 07. v, 4. 48 8144144 T. 411, 144. 8. i, 8. 07
Suu· T. 4, 422. 41144 siculum T. 411. 272
8441144448. 1,8.27 ’ 81441448. 4.0. 141
8441144 Τ. 41 447 Sicyonis Τ. 11. 170. 14, 40
844144 A. 1204 Sicyonius T. 41, 440. 14. 121
84448110.οο 814444 T. 1, 41. 407. 400. 1108121.
setigerum Τ. viii, 488 111. 400. 4, 840. 440. 41241. 400.
444444441444 444. 41444. 444. 444. vm. σι.
84114 T. 1, 488. 11, 470. 441. 14, 804. 218. 872. 11448. 4, 144. 804. 884.
xi, 44ι 444. 444. Anam. 41444444
8444448181 421. 440. 041. 8.1.1.44. 12218.
844444 T. 14, 477 1, 4. 8. 117. 111, 2.0. 14. 111, 4. 80.
Serena 8. v, 2. 104. A. 1, 288 00102. iv, 1. 24. 14.4.140. 14. 0.

Severi T. v, 7. 14. 840 41. v, 1. 241. v, 8. 07. 208211. A.
84444144 8. 1. 4. 84 11, 808

8444414 T. 14, 44. 14, 704
severo 8. 11, 0. 41. A. 1, 242
8444444 T. 1, 88. 14, 420. 411484 .
84444444 8. 14, 4. 8 Sidenus. 1. 1. 108. 11, 2. 112
8444444 8. 11, 1. 44 Siderei T. 1012. 4, 08. 8. 11, 1. 42
844144 8. 14. 1. 0 81444414 A. 11, 124
8444 T. 411, 178. 8. 11. 040. 111,Ι 4. 71 81444441. 4111, 177. 8. 12. 141
sexum Τ. 4. 104. 41884. 14. 000. 411, 414444411444
420. 8. 111. 4. 74. 14. 8. 18. ,11840 814441444Τ. 411811
84444Τ. 1. 808. v, 807. 411470. 14, 118. 8144414 T. vii, 714. 8.14,4. 28
41418. 8. 1, 0. 48. Λ.1.204. 487. 8144414 T. 14, 144. 4.481. 8. i. 4. 80
440. 004 81444144 Τ.14, 700. S. 1121
8114114Τ.1,114.11,204. 41428. 41248. sidoniam T. 4111. 210. xi, 802
040. viii, 444. 8. 11, 1. 48. 111, 8. 24 81444144 Τ. 111. 040. 14,448. 411, 448
81141141Τ. 411, 048 8144411 T. 1, 181. iii, 800. 4111880.
Sibylla 8. 14, 0. 118 087. 8. 14, 0. 84
4441441447. 111, 4. w. 14, 8. 81444114 Τ. 14, 407. 8. 111. 2. 140
24. 8. 4, 8. 172 · Sidonio 8. 1, 2. 124. 111. 1. 47. v. l. m
81444118. 4, 8. 41 81444144 Τ. i, 4. 411040. 4,120.287.
81081118 Β. 114 84 ,6 81884 li. 212· s· 18, T. ⁸8
81444144 Τ. 1, 272. 8. 1, 2. 204 Sidoni· Τ. 14, 884

8144414Τ.1ν, 280 Sidonium T. 411, 082. 4111, 220. 4, 804
84444444 8. 4, 8. 88 Sidonius T. 111 180

 

