111 11111811.

11811111οΤ.11,744

1111111111Τ. 111, 8

1118111111Τ.111,188

1111Τῦ 1, 817. 519. 11,888.111,118
188. 181. 418. 11,84.88.189.178.
888788. 1, 888. 11,788. 1111, 784.
1,888. 888. 888. 888. 111, 88. 87.
8.1,8..888111,1.188.·111,8..88.88
1,1.187.177.11.1,188

Ρ1111Τ. 1, 881 ’ ·

8181111111.11,111.11,111. 11,
84. 177. 888. 1111, 184. 818. 888. 11,
88. 881. 1, 888188. 11, 884. 488.
111841. 8.1,.4181. Α.11,811

PutemT. 1, 487. 11, 788. 887. 1111, 784.
11,88. 11, 748. 81, 88. 11, 8..4 111,
8..7 1, 8848. A.i, 188

Ρ11111Τ.” 11, 888

Ρι11111111111Τ. 1, 878

1811111101ιί1 Τ. 11, 788

Ρ11111111111Τ.11,887

Ρ111111111111111Υ 11, 888

Ρ111111111ρεοΤϊ .11,848. 11, 818

PnnhenopaeumT. 11, 881

Ρι14811ορει11Τ 11, 818. 888. 111, 848.
1111, 881. 811, 8. 48

1111111188,ι1.1111.111,1.111.111,
8.78.11,488.11,.88.1,.8188

11111...μὶ111, 8.” 84. 111, 1. 88

Ρ1111111111111Τ.11,887

18111118118111. 11,4.81

mi

Ρ11111111Τ.1,888.111,888. 11,788.11,

1111118111, l. 47. 11, 8. 88. 11,8. 41.
11, 8. 87

Ρ1181181, 8. 87

Ρ11111Τ. 11, 895

PascebatT. vi, 77. 888. 1111, 488

Ρ11111Τ.11,888. Δ.1,888

Ρι1111Τ.· 111, 874

1811111111111. 111,8.11, 488

1111111Τῦ884111,888.11,71).Δ.1,·

111111111Τ.“ 11, 888

Ρ1111Τη1818.8.,11.48

11111Τῦ 1, 488. 481. 111,188. 1, 88

11111811ΤΝ11848.111,418.1,888

Ρ11111Τ.111,888

Posses T. 111, 848

111111 Τ. 1, 881. 11, 887. 1, 555. 111, 888.
8.1,8.81. 1,8.181. 111481

11111111 Τ. 11, 888. 111, 841. 1111848, S.
11, 8. 88

Ρ1111111Τ.· 1, 888. 8.· 1, 8. 81

..Ρ11111111Τ111,188

1811116111111111. 111,484.·11,884.
8118811878111,84711,8.
77,,.18184.Α.11,888.488

Ρ111ο1Τ.”111,48.11,188.111,888.487.
1,.874 8.1,..848814. 14188 A
1,.88 11, 881

Pnslonle T. 111, 888

11111111 T. 11, 118. 111,887. 8. 111, 8. 88 Ρ111101111Τ, 11, 881

Partiri T. 1111, 888. 8. 1, 8. 88

Ρ111ο11111 Τ. 111,888

Ρ111111 Τ. 1, 178. 111, 488. 11, 488. x, 41 Ρ1111οτεεΤ. 11, 888

Partitis 8. 1, 8. 88

Panium T. 1, 478

1111111111. 1, 1. 887

Ρ1111111 8. 111, 8. 188

Puto T. 111, 884

Ρι1111Τ.1111,187. S. 1, 8. 888. A.

Partus-T. 11, 78. 178. 1, 481. 11, 184.

pmwssuffismnma.
11, 888

anT. 1, 888. 11,888. 111, 888. 8.· 1,
4.188.1,..88811,..8888.111,.Ἰ
88..18811,..18811,..8881,1.
187.1,8.188.1,8.77

Parvo 8. 111, 1. 9

Ρ11111Τ. 1, 884. 111, 88. 11, 718. 888.

818Η
Ρ1111Τ.11,71.8.1,8.44.11,8.1
Paruimus A. 11, 888. 884
Ρ11111Τ.11,188
Ρ111111Τ. 1, 888
Ρ111οΤ.Ι 11, 188. 1, 847 817. 11, 888.

1111ο1111111Τ.11,878. 8111, 8. 118
Pastoris T. 11, 818

1811101111 Τ. 1, 887. 11,718. 1111, 888.
fflfflme

1, Ρι11111118.11,8.88

Ρ111111Τ. 11,118. A. i, 818. 11, 488 ’

Ρ1111111Τ. 1, 888

Ρ11111Τ.11,787.1111,48

1111811111Η11,878

PatebuntT. xi, 788

11111111111Τ.11,788

patefecerim. 1, 88

1181111111111111

Ρ11ειιῑΤ. 111, 48. 48. 11, 484. v, 887.
11888. 111, 555. 1, 878. 11,117. 111,
148..,811...,8881111

1111111111Τῦ· 11, 188. A. 11, 88

Ρ1111111Τ.’“ 111, 188

Ρ1111111111111Τ. 1111, 888

Ρ11111Τ.“ 1, 884. 8118888878. 11, 188.
188. 817. 111, 11. 148. 848. 887. 481.

111, 888. 1111,188.11,788.111,848 818. 5⁰⁰. 888.887.784.711.11,

81184811748Λ.1,88
Ρ11111Τ.1,1.’18.1,88.878. 11,418

1111111, 11 Ver. 8111.

184. 888.888.844.778. 1, 88. 84.
4111114818. 748.11,87.78.

mm. Χ

 

