xlviii

01 ω· 17101681 T, ⁸· l„- Tu· A· T,
mmmmmummffl
mummfflmum
&mmmmmmm
,mmmmfflmmm
swustauusmumu
uuffimmmummu
rmmm .
fflwmmfflmmm
muffimnmmw
mwumwumum

mmmffl

Crinito T. 11, 180

0111111111 Τ. 1, 887

01111111 Τ. 11, 817. 8 11, 0. 10

0011111111 Τ. 1111, 008

0111ρί118. 1, 8. 108. 171

Crispinus 8. 1, 8. 8

0111111 Τ. 1111, 401. 11, 808. 1, 80. 088

οωωωηω1ω1ω
1, 087. 11, 008. 11, 804

0111111111 Τ. 111, 888

(1111111 T. 11, 881. 111, 717. 111, 084. 8.
11, 8. 117

Croci 8. 1 8. 48

001111

Crouu T. 11, 810

011111 S. 1, 8. 108

Crotopi T. i, 070

cmm s- 18, 0108

011111 8. 1, 1. 180

crucia 8. 11, 8. 00

01111111 8. 11, 7. 80

0111111 T. 11,·880. 11788. 11, 801. 710.

οιῖὲἓ14111ζ1111114111, 11. ..1,

εωω111ω111

Crudeles T. 11011. 8. 11, 1. 141. 1, 0.

011101111 T. r, 818. 874. 11, 800. 1, 418

crudelibus T. ri, 840. 11, 11. 018

Crudelis Τ. 1, 88. 080. 11, 044. 1, 800.
ummaffimssmffi
που 7011 817, 01 09

0111111111 T. ii, 717. vii, 084. 11, 070

crudescunt T. 11, 080. 11888

01101 Τ. 1111, 488

01101111 488

111111ω

011011 Τ. iii, 880

Crudum T. 1, 08. 111, 808. Δ. 1, 100

011011 T. ii, 841. r, 048

Ι 0111111 T. ii, 018. 111, 880. 1184111,

Μ11111ιη
0111111111 1, 888

0111111111 Τ. 1, 408

rum ⁴

0111111111.1111,111

01111111 Τ. 11, 007. 111, 078. A. i, 01

cruentat Τ. 11, m. 11, 171. 888

cumutamus&

0111111111 T. 1, 817

cruentavit 8. 1, 8. 88

01111111 Τ. viii, 881. 470. 081. 11, 1.
040. 111, 88. si. 8. 01

0111111111 T. 1, 04. 88. 11, 181. 808. 078.
111,111.480. 11184. 1,100. vii.
807. 11117. 1804. 11001. 111100

0111111111, 088. 008. 080. 111. 184.
11, 084. vii. 08. 804. 018. viii. 881.
11, 077. 1, 807. 11817. sii, 808

01111111 Τ. 11, 780

(1111111111 Τ. 111, 808. 11008018. r,
407. 111188. 11, 417. 1, 170. 11,
608. liis lusam

011111 Τ. iii. 104. 11, 787. 1, 180. 810.
11788. 1111111. 1111718. 11, 70.
080. 708. 187. 888. 848. 11008

cruore Τ. 111801. 11880. viii, 170. 11,
480. 18811000

01111111 Τ. 1, 448. 1180181. 11, 48.
408. 000. 008. 1. 884. 1111810. 11,
888. 800. 478. 070. 1, 477. 710. 11,
010. 088. 11187. m. 787

Crffius T. 11, 108. 111, 000. 710. 11. 1,

0111111 Τ. 11. 048

0111111111 Τ. 1111, 480

Cruoris T. 1, 008. 1, 788. 11, 178

011111 Τ. 11, 008. 801. 877

0111111118. i. 8. 100. 111, 4. 08

Cubile S· 1, 8. 188. 11, 8.40. 1,1.00

0111111 Τ. 11, 000. 018. 1, 414. 11, 087.
S. 18. 101. 11,4.81. 111, 0. 08. Α.
11804

01111111 Τ. 1, 880. 400. 1187. 11, 887.
V, 0771 ms ¹2⁸⁴· 8811171Μ s·
rsnuffiuumawrm
878. 11, 78

0111111011 Τ. 11, 184. 111, 070. A. ii,

01111οΤ. 11, 104

Cucurrit Τ. 1100. 11, 801.. 1, 080. 11,

011 T. 1, 18. 171. 871. et 11.

Cuicumque T. i, 108

0111111117.11,078.11,887 ·

Cujus T. 1400. 11147. 11, 011. 1,114.
111Μ1ΜΜΜ1
08. 11, 101. 111880. 8001104181, 1.
ω1ω111ω1111,
8.1. 11, 8. 40. 1, 8. 88. 11. 1477.
11818

0111111811, 7. 74

0111111811, 8. 80. 11, 0. 14

culmi Tu 17, ⁷⁰¹

 

