’777 smmum. “ xcix

7......7 u, 7 777. 1.,7. su uyuem. T. 77, 47
Humana T. iii, 000. 8. 11, 4. 2 11707771 T. 111, 20. *1184οῙ
Humum 81802 1170777717 T. 71, 407. 711, 8. 8.1,1.
Humani T. 17, 204. 711, 200. 8. 7, l. 40
800. 08220 ’ 11707777 Τ. 1, 870. vi, 800
1177777707 8. 7, 1. 88 Η717777707 8. 111, 8. 07
Humeetuut T. 17, 001 1170777777 8. 7, 1. 82
Humentes T. ix, 404 - 11701701,οΜ
1177777711 T. 11, 027. 111, 711. 7, 177. 8. 11701017 8. 11, 1. 48
184. 28 Η70177ο8. 111, 2. 118
numu· T. 111, 412. x, 100. Α. 1, 484 Hydupen T. viii, 207
Humeutibuu T. 111, 2. 8148. 8. 7, 8. 1170777771. 17, 441
82. Α. ii, 287 Hydra T. 11, 077. 17, 100
numanus T. 17, 700 11771717 T. 71, 404. 8 11, 1. 180
1177777771 Τ. 71, 072. 711, 000. 7111, 028. Η7717ο Τ. 8118
il) ⁶„- 8827 8³5¹&oe- 1727 ³⁰ Hyemem To 11, 1048. ,17207 Δ71781
1177777717 Τ. i, 700. 111, 827. 17, 180. 7, 1177777711 iii, 400. 7, 78. 084. 700.
720. 71, 808. 880. 880. 800. 7118707. 711, 70. 721. 7118 801. 17, 808. S. i,
17, 081. x, 40. 000. 048. 8. 111, 1. 80. 8. 00. 111, 1. 121. 111, 2. 44. 7, l. 80.
178. iii, 2. 188. iii, 4. 80. 7,1.84. 128. 7, 2. 0. Α. i, 04. 444. 480
v, 7. 777. Am, 777. 774. 777. 8777 177777 Τ. xum
1177777770 Τ. 17, 071. 78004. 7118441. 1177777118148. 7,10.112.880. 711,
· 17, 804. 711, 748. 8. 8 02 88. 740. 7118 420. xii, 008. 8. 1, 8.
1107077071.1,418.480. 18042. 17, 181. 7. 80121. 1, 028. 18 2. 28. 111,
280. 800. 402. 7, 480. 71, 480. 714. 2. 70. 111, 0. 18. 88. 17, 0. 0
800. 7111, 000. 17, 207. 882. 407. 004. 1171777777 T. 71, 080
· aii, 1. 00. 111, 4. 87. 17, 1. 21. 7,2. 1171777811, 1. 118
77. A. i, 777. 777. 747. 777. u, 77 1477.. Τ. v, 447. s. i, 7. mu
Humi T. ii, 020. 78070002. 711, 20. Hyleus T. iv, 140
17, 810. 78780. 811. l. 170 Hyllum T. 7111, 008
Humida T. 7, 807. 718801. ix, 874. 1177777001, 001. 7,71. 8. i, 8. 20.
81 288. Α. 18204
Humidum 817, 8. 07 1177777ιί7 T. 11, 202. 118288
1177777117 T. 17, 708 Hymeuaeon 8. 11, 7. 87
Humilem T. i, 817. Α. 1, 208 Hymetti T. 711, 022
HumilenT. 1, 440. 111, 007. 711, 871. Hypanin T. 7111, 402
7111, 821. x, 004. 878. xii. 701. 8.1, Hyperborea Τ. 7, 000
-4, 47. ui, 7. 777. Α. 7, 777. u, 77 Hyperboreo 7. i. 777
227 Hyperboreos T. 711, 000
Humili Τ.1, 171. 18080. 18800. 8 HypereuomT. 7111, 404
ui, 1. 88. Α. i, 144. ii, 10 1177771777 Τ. 111, 80. 7111, 47
Η7771117Τ.17,701. x, 808. 020. Α. 1, Hyperione S. iii, 800. 17,4. 27. 7,2.
Humo T. 8407. 18000047. in 00. 11777710717071, 120. 8.11,7.20
120. 408. 7, 008. 020. 78022. 800. Hyperionium Τ. xii, 410
7, 818. 811, 1. 202 1177077770 8. 1, 0. 00
Humor Τ. 17, 008 Hypsea T. vii, 010. 828. 7111, 800
Humum T. 18100407. 111, 001. 17, 117ρ7εοιΤ.17.270.072
210. 818. 427. 7, 108. 047. 718000. 11777777 Τ. vii, 728. 7111, 428. 440. 17,
17, 400. 78200. 8. 11, 7.80 202. 208. 200. 040. 008. 71, 280
1177777777Τ. 111, 87. 7, 010. 71, 410. vii. Hypu'pylu Τ. v, 80. 044. 712. 71, 182.
sm. viu, 747. ima. ..774 xi, 747
277. 71800200. 8.1,1.07. i, 8. Hypsipylen Τ.17, 728741. 7,004. 71,
00. ii, 2. 08. A. 1. 428 178
11777771170718810 117707771οΤ. 71, 841
1177777407 Τ. 8188 Hypsistas T. 7111, 000 ,
Hyantias. ii, 7. 8 Hyrcana T. 71. 008. viii, 078
11777 8. i, 6. 21 Hyrcana T. 17, 078. 7, 204, xii, 170
1170777771. 17, 80. 8. 17, 0. 0. A. ii, 81 1177777717 T. 711, 824

 

