1111

mnu

297. 1111919. 1199. 111999. Sa, 1111111.1,110. 11999. 1191. 11,

1. 199. 199
AEternus T. 1111, 199

799. S. 19, 9. 79
,99111111 T. 11, 999. 111, 9. 11, 911. S. 111,

11111111 T. 1, 999. 1,19. 19191999. 9. 199. 9.1, 989919. 11, 917

mmmm

AEthen T. 11, 199, 999. 111, 999. 11,

9911111 T. 111, 999. 11, 91. 11, 199. 199.
S. 119. 7. 111, 9. 999

999,1,179.979.999. 11999999. 9911111111 Τ. x. 991 1
1111, 99. 79. 99. x. 199. 999. 979. .9911111Τ.1,199. 11999
999.999.111,9.919.999.9.1,1.99. 9911111119. 1,.999

1,9...1999991,,.99911,..99911, 991119.111111.111,997

1..,.919991

9918119111, 999

1911111091· 1, 997. mmm 11, 997. 9911130911, 1. 99
111,77.1111999.11,999.1,79119. 9111111119.1,991

999. 918. A. 1, 24¹. 919
[911111111911979

1111111111
1ωη.1ῃω

99011191111999. 111999. 1.11,119.11118,1,1.ι11

1911111111 A· 1999

1919111111 Τ. 1111, 99

19111111» T. 111, 99
,1111191111111 11, 997
1111111111 T. i. 799

9111111111 Τ. 1, 997. S. 111 1. 199
AEtheroa Τ. 111, 999. 8. 11, 9. 99
1911101111111, 111797
1911110111 T. 1, 99

AEthiop um T 1, 999. 9.· 11, 9. 99
11111111 Τ. 1, 999

19111111 919. 199

991119. ι, 979
1111111011Πιι,11.1,111
9911109. 1,9. 199 ’
99111119. 1,.199
1191111111. 1, 199
9911111 T. 11, 99. 111, 199
91911111 T. 11, 99

Afflicto T· V, π· dnm
99111101 Τ. 1997
9911111111 911, 199
991111111911, 919
1113111111, 199
9911118511, 1.11

Ε11119.’ 1, 999. 1, 99. 999. 11719 9. 9901191999111999

111, 1. 199
,9111111119
9111111119. 111, 979

9901119111, 199999. S.,v 1. 99
9911110119.1,199.9.,1 Ι. 99
991111 9th 1, 97

1111111019.111,999.111,997.1199 S 9111111119.1ι,797

1,.999

99111Τ.,1999.9.111,1.19

AAA.AAwA0A.A AAT.A,m

9101119. 11, 191
AEtnlo T. 11, 919

fflAAm
AAAAAA

9101111911, 979. 111, 999, 1111, 799. 99119111, 9. 99

111997

9511111010 A. 1, 999

1910111911999.1111,191.1191.11,999. 1311111101

1999919191199

91119. 199. 11,.999 1111111101 11,

1111191999. 111. 111999. 11, 9191 999.11,999.1111,979.991.11,999.
997.1,.9111191.111999.9.1,9. 91199711999111
19911,..199911,,999.111,1..199 911119111199
111919711111119.11.,11,9 9119.19911.11,779.,..19911711·1,
199119991199999919 919.999.11919799199999.

99.1,9..999.999 91179911

mAmA‚m.mam.

Ε119.1999.11.799111179..999 9.1,.9199.ἥ9.1,9..919,1.
Ι’11,979. 11999999799. 11997. 99,99.199.111,9.99.11,1.99.11,
977.799..,.,,..,,919191999111 9..,19719.199,.,911199.979

99.11,..99911..99911,7..79111, 93111111.11,99.11,979.1,199.1ι,
11111197991199919 24.m..x,⁸svxii‚.'..n88v2u.

99.1,.971

A. 11, 999. 999

1911111112Ι 1, 919. 999. 11, 999. 1, 199. Amadum· 11, 919

111999

9311111111 T. 11, 999

9911193111, 99991, 9. Ι91.··.91,991 931101911,979.919, 111111

991119. 1, 9199
9911191119.111,979

’ 9311011191· 19

91110111191111999

 

