1111111111

11111 1,11

111111 11, 11
1111111111, 1
ffmffiffllffffi 11
1111111οῴ11, 1
1111111111,11
1111111111, 11

11,.111 1111111111 1111. j ’.υ

1ωπ1,ω
fflggdlulimi, 11
11111111 11, 1

11,-,1

111, l
1111111111, 11
11111111, 1
1111111111, 11
1111111111. 11, 11
11111111 111, 11
11111 11, 11
11111111 11, 11
lamine 1, 11
11111111
1111111111, 11
1111111111,1
1111111, 11
11111, 11

1111 11,1

111111

11111, 11.· 11, 11
11111· 11, 11
1111111· 11, 1
111111, 19
1111111117. 11, 11
Juenndiu'imum 111, 11
11111111 11,1
1111111,11
sumu 11, 11
sunium 11, 17

1111 11, 11

1111111, 11
Jumss 11. ’¹¹ „⁴5 n! iv, ll
111111·11,11
11111111 1

11.
11111111 S. 1, 11

L
11111111 S. 1,1

111111111,11.11. 111, 11
1111111111, 11 ’
11111111. 111, 1
1111111111, 11
1111111111
mmuh, ,11
11
1111111, 11
1111111, 11

“ 1111111111

1111111111·“ 1, 1
11111111,17.11,1
littore 111, 11
lm· u, 11
1111111111
111111· 11, 11
1131111111, 11
111111· 11, 11
1.]1111111· 11, 11

11.

1111111111, 17
m?
11111111, 11
1111111111, 11
1111111111ἰί, 11
1111111111, 1. 17
11111111,1
1111111111,11
111111111111.11 “
1111111111, 1. 11
1111111111
1111111111, 11.· 11, 11

1111,.711.11111111111,11·

11, 11
111111,1
11111·· 111, 11.· 11, 11
Mem 1,1
111111· ui, 11
nomentanum
Mehercule 1, 11
Mei 11, 11. iii, 11
Melior 11, 11. 11
1111111111 11, 11

 

