11 1111111111.

11..111.,.,111.ι...,,ι1111111 mamm

0, 104 11ρο108.11,4.80
11101Τ.·1,008.11,10. '1⁴²- 04. 408, 1111111017. 11, 070

11, 810 880. 111, 000. 1111, 080. 1, 1101111171 1, 070

80·.080 11,747 111,8.408.1 ,4..8 1101111Τ.11,8008.1,,.408

10011017111010811,0.7811οΤ.1,.000400.11,100.111.100.

1, 0. 100.,10,78. 1.1,07. 080 007. 400. 11, 00. 004.,714 1,174.
111ρ111111Τ,ἰι, 000 080. 11, 108 000, 404. 480. 11, 10. 080, 111, 70.
111μ11ι17,“111,118.11,111.1011.1111110011. 11,001.000.710.1,

1111111111 400007. 11, 1001111010. 111,
1111111108,11,..110011,0.4 447010 81817104 1,4.44.
Aliquod Τ.111,480 48.11,0,00.111,1.00.111,0.80.11,
1110111111, 171. 11,180. 11,004. 11, 0,04,1,1.147,101.1,1,111.070.

000.8.,...,14141111007 neminem
111111· 1, 01. 004. 048. 11, 017. 111, 471. AltoeSvA. 184

014.1,000,1,140.400.077.8.1,11111117,1111,100

08011000 1111111’.1’11,410.1,,01 111,,8001
1111Τ,11,000.111,740.8.11,7.18. 11, 00. 007. 010. 11,000. 111,488. 000.

40818180 8,11,7.17,111,1.81,111,0,114.111,
1101011008. 111,001.11,087..810 8,.0411,,80

1111000 1111111011111111 111,00. 8. 111,
1111111111Τ111, 480. 400. 1, 04. 11, 101, 1. 184. 11, 817

111, 010 1111111811, 0,7
111111111101 11111Τ. 1, 740. 8110. 04, 0004, m.
Alituum 81, 0. 184 000
1111111Τ.1111,000. 1, 00 1. 1, 00 11111Τ,1,.000 1118011, 40011,
11111111Τ. 11,800. 008. 11, 41. 404. 000. 000840. 047. 111, 100. 8111, 1, 180.

748,11,,0888.11,,0108,,.,18140 1110411010 117801,0

1.1,.100 480 100.188.187.1.1,470
1111.1’.11,1111..11,191.111101. S. 111111Τ,11,801.111,487.084.1111,10.

11, 1,οε 018, 11,870.111,710.8.1,0.00.11, 1.
1111111118. 111, 0. 07 87. 1,1, 17, 80. A. ι, 10. 017
1111111111 11,οο 11111111. 1,1.118, 11,041. 111,077,
11111111Τ.11,100 11,400. 1, 700. 11, 800. 111, 107.
111111 1111311, 000 040. 111170, 11, 401018. 111, 47.
111131118.11,8,48 887. 8.1,4.10,1,.047
1103111111, 180 8,11,1. 80. 1.1,111 1111111101100
11101111011811, 7. 08 111111111Τ.11,110,111,070.700,81,
Alloquere'r. 111, 000 8..00 04
111οο111οΤ.11,47. 8.·11,1 000 11111111.1,111.·.ι,111
1110111117. 11, 400. 11, 107 1111111118Ι ι, 87. 410. 1,.000 11, 070.
1110011111Τ.1,071.ι1,711.1.11,100 878, 1,8110. 111, 401. 8111, 8. 10
ΑΙΙοφιίιιιιιΤ, 111, 004. 11, 010 ΔΙΙοῐιιοΤ.1, 170. 11,.180 11, 041. 840,
1111101110· 11, 180. 811, 0101 11,071. 1111,111’.11,111. 1, 848.
1111111Τ.111,040.8,111,.884 8,1,0.01,.111,87
1111117.1,000.1111,101.818. 1,οΙ1. AltemouT. 11,071. 11, 000400. 111,

xi..⁹8 11100. 8111111111. 400

100.1,4.0.11.0.00.11,7.00 1,1. 1111111117.1,801. 11000 8.,100.

180,.111,010 11,1007.1,..8071.1,000.000
AlmaT. 11, 110. 8.11,.4 100 1111111118111, 0,1 1,.401 11,70011,

1111101118.1,1,000 48
111111111Τ.1,170 11111111111101111111, S· 11,

1111111.1,18 0101118100
.111111Τ.Ι 111, 00. 11, 470. 1, 070. 1111, 1111017. 11, 87. 811, 1. 00

01011, 8088, 111, MA. 11, 800 11111Τ.··11,404.111,008. 1111,818.11,
11111111.11,040 171, 11, 010040, 470 Amen.

11111111Τ.11,100 1,0.17.11,8.18,10, 11,001. 11,0.
1101111101,ὣο 01,1.014,1,.00.100.1,1,408

1101181480 1111111111Τῦ 11, 441

 

