11 1111111. . 11166’

660,111,717,1111,117,Ιι,,111 i, 71111Τ.ι,460. 11,166.111,660.1,
’.....471760776111166611,6.07,6006117006ιὸ66
11,7,61 ,11466 ,. 7111Τ,11,610,·11,660, 11160. 61
11111111161116160 6,0.111,6,17- · ·
11111116. 1,6, 10. 7111111117, 1111, 677
711111Τ.1,166.166.661,111.676,006. 7111111Τ,11,616,111,660
. 11, m 111000. 6111010. 1,0. 7111111Τ. 111, 610, 1,14. 11400. 1111,

,667 668. x. 677, A. 5, 676 ‘
71116117.1607 7111111116. 1, 0, 06 ’
7111116161, 666 71111111Τ,1,004.1117646611160.
711111111Τ.1647.11,466.611,4.00 ,111406
1111111111 711111οΤ, 11, 167
7111111161 ,6.000 7111101611, 0. 67
7111116111Τ,1,406, 61,6.0 7111111111Τ.“ 111, 640
7111111611, 7.0 711117. 1160. 111, 660 407 1, 670.
7111116111, 016 11, 601. 11, 104. x, 607. 11, 006. 666
711111Τ.’“1,104.1,67.06,11,666. 711111111146661676

,1111676 ι,606. 6,1,.0.066 1,,1 7οΙιιιιιΤ.1,610. 11100

601 7111111211, 610. 61116. 146
71111116·· ιι, 7. 100 VolentT. 1111, 006
711111111Τ,11,160.747. 6111161 7111111117.1,600.111766. 6110.
7111116111 666 60.1, 6.106,6.1,606
7111111611Τ.1,160 7111111111,·· ιι, 167, 11, 76. 000. 11, 64.
71111161640 111,687.6666.1,4106,1,1
7111111Τ,1111,166, 61,...00.61, 666

460 1111111131111111111.1111,
7111117, i, 66. 717 16
7111111611,Ιο 711117116οθ ’
7111111161,1.60 71111Τ. 1111, 606. 61, ,
71111611, 660. 11660 711111111Τ,·11, 410
7111111160. 1111666. 1,06.400. 7101111110311, 666

11, 060. 006, 646, 111, 616. 1111. 076. 7111111117. 1, 66

670. 1106 660 11,.046 111,6,16,711161,,611

76.6 6111660. 11,4.06. 1,1. 164. 7111101796, 716 ,

Λ.1,.66011,006 71111111.11,66...607041,,60061
7111111. 111, 701 0,16.1,6,4
711111Τ, 11, 174 71111111111117061167. 6111.
7111111Τ, 111160 06.· 11, 4. 10. 11, 8. 46
71111116 11, 067. 661 71111111Τ, 1, 660. 11, 600. 111, 470,
71117, 1, 66. 476. 11, 606. 1, 400 11, 610. 11, 40. 1, 66. 116. 600 601, 11

466466006111766111114011, 000. 666606, 111404. 1111, 161,

6046161666607. 601, x m. 104.066.417.617. ix, 85. 100, ι,

1111111111. xlmas. 111111. 1611111111. ,111, 1111.

61066. 11, 1, 70, 111111, 111, 119,ι11.170,111.0.1,1.11. 111.

664. 11,1.16. 11,6.66. 1, 0. 70. 004, 110.οί). 111, l. 166. 6111,

1616611110. Δ.11,100 v. 8· 60, 1, 4, 6. 11110111. ii,
711111 T. i. 016. 1106111064. 1,410. sm

11, 166. 11, 166. 660, 1007. 11676. 7111111 T. 1, 167. 11. 066. 660. 1, 744.

S. 1, 6. 06 611667. 111, 4. 66, 1, 1. 106
711111Τ,111,04 71111111Τ,111,404, 611606. 1,1.
vm. 1111111. v, 111, ιιι. vti. 1111111-

111.407..1111,066. 11, 176, ι,166. Volucrum T. 111, 116. 641. 667, 617.

64716891 flym- 1559 7681 stipa· ωδε 17, ²26· “⁸0 nuo· '555585590

01, 1661. 11,1,1,104. 11616. ι,006.466.111,07. 61061, 16.

&mammam n.m.mfi,mfflwtum.
7111611Τ.1,640.·6 11,6.67, 1, 6. 111. 1,6, 160

161 7111111171, 60611, 600, 471. ι,440,
71111111111111, 466. 111, 646, 1, 660, 11, 161. 611, 4.60

11, 177 Ι,610 1116611010. 11466 7111111116111106

 

