77 16777677. xlix

06176161Τ.7,710. 671616171717, 06776111·1“1,448.171,687. 8.,71 4. 77
680. v ,717. 71, 716.ν 771, 800. 7117, 7,.7.171 Λ.7,776
767. ¹, 840. 77, 710. 8.7, 1. 60. 64. 6667611767.ιί,186 A. 11, 140
1,4.68.1, 6. 77. 46. 11, 7. 77. 7777. 0666116767ΤΗ177, 710
6. 17, 7. 70 cunctantem 1, 680. 8.1, 4. 67
061761601777, 64 767. 470. 7, 776. 77, 0666116166Τ.777 76 777, 471. 71, 708.
104.,..7074688.771,.170 8.1,.611
06177777771761Τ.Ι 7, 470. 8.77, 7. 60 0666166177ΤΗ· 777, 777. 717, 7
06167678.··777,8 066611617017, 180
061711737600172807 11, 188. 8.7,.4 066617611176775 7, 816
67. 1, 6. 10.· w, 8. 41. v, 6. 7 0666116171Τ.7,677
0617777Τῦ 77, 777. 7,468. 8.1,.760. 0666116167Τ.7,411.· 17 481
17, 6. 01. A.' 7, 667 11, 777 0666117171. 77, 168
0617176736, 617. 8717, 8. 46 06661177. 711, 400· 77, 640. 71, 616. 8.
0111111.61Τ77,7 77787177077477Λ7,46
0617717167· 61, 717 11, 170

0617110· 771, 10 0677611117. 778. 77, 77. 176. 71, 447.
061ρ111Τ.71,787 07670 “
061ρ111767.171,707 0666111767. 7717, 614
0617111676 A. 1, 77 0677717167 Τ 777, 70
culpet T. 711, 776 0617611167 Τ. 7, 467. 17, 66. 77, 467. 71,
06111 T. 17, 61. 771, 107. 777, 7. 07. 7, 676. viii. 161. 77, 606
1. 166 Cunctatus T. 77767
0611711661 8. 17, 0. 41 Cuncti T. 117, 764. 117, 777. 466. 7717,
0711111761 T. ii, 707. 8. 11. 1. 177 777. 776. 8. 77. 777. A. 1, 400. 17,
Cultor T. vii, 607. 7177464 704
cultorem T. 7771, 464 0666171Τ. 7777. 11, 176. 768. 771, 866.
0611677667Τ.1.664 417. 676. 77, 10. 870. 7,41. 706.
0771161170 17664 700. vi. 770. 664. 111,01.104.164.
061166118.7,1.101 , viii, 78. 01. 711. 77, 07. 117. 771,
cnutum 174 108. 817614. 77, 6. 74. v. 1. 77
06117710· 17, 476 777, 707 066116Τ. v, 767. x. 668
06116·1·. 11, 106. 716. 700. 7,101. 71, 06776161Τ. 7167. 667. 17, 768. 71, 776.
66.711,.768401.8.1,..67017,7. 4717177707177474787460
mmm 17776776771786677477
0611676 T. 71, 407 067761 T. 717778. 7171, 481. 8. v, 7. 777
061161 Τ. 1, 711. 487. 77747. 716. 71, 061716Τ. 7, 416. 17, 677
807107. 717640. 17, 617. 618. ¹, 0677661Τ. 1711, 674. 7,740. 876. 8.1,
767. 71, 747. 477. 8. 1, 7. 178. 11, 7. 6. 77. 1177. 147. v, ⁶2. 1117
41. 117, 6. 80. A. 7701. 667. 11, 771 06771667 Τ. 77, 176

Cumanos: 71, 0. 47 Cuperem T. 17, 666. 8. 7, 1. 100. 77, 6.
ouum 8.· 777. 116

0667611616ιΤ. 1, 666 06ρ7161Τ.· 7, 86

cumularem, 677. 77, 86. 8.· 77, 8. 67 06771610· 771, 777

Carnulum 17, 717. 771, 674 Cup 711Τ.’ 7, 610

0666116670· 6, 477 06111610 ι, 467

0676616Τ. 7, 764. 77460. 77118. 777. 06717610 771, 476
17, 744. 466. 817 7. 768 067771117Τῦ6, 606

06676161Τ. 7711, 701. 740 Cup 11116. 17, 141

0677117611Τ.1,.687 717, 601. 77, 777. 0677767771Τῂ 7 476. 71, 116
7474888. 871, 1. 170. A 178 0671777718.1ν,7. 111

06776110· 77, 786. 711, 781. 648. 17776. 06717116Τ.·· 777, 68. 776. 77, 818. vu 700
v, 68711. 770. 71, 81. 7771, 706 768 7, 481. 71, 766. 477. 8. 77, 1. 714.
x, 164. 477. 704. 761. 816. 77, 708. 17, 7. 40. Ast ,404
660 417 607. 7771. 170. 476. 81, Cup 1661Τ. viii, 47
w. 7,4. 110. 17,1. 64. 61. 176. 0677766767. 7777, 770. 8.7,.766. 77, 7.
8117.61,1.71..67177777.,1.17
0.,71.10.101.11.7,1411.667.11,067777167Τ.11.686.8.6.7.68
47. 60 0677716107467. 77670. 777806

1111774. et Var. 0761. lna. 8111. G

 

