ΙΝ 6ΤΔΤ11111.

16161661.1,1161,111 11. ιι, 6. 66. 111,1116
1666661616 T. ι,666 1116111611, 669
1116666161 Τ.111,16. 1767. All, 661 Ῑ66661116116Τ. xi, 64
1666161111. 11, 177 1666611616. 11, 11. 76
1666161111 6. 1, 1, 166 166161166111, 6. 111
1666616161 Τ. 11, 666 16666 Τ. 111, 616
111661 Τ. 11, 66. 666. ι, 661. A. 1, 676 111611611Τ. 11, 716
Ι6616.11,1.166.111,6.16.111,6. 66 16616616Τ,11,666. 6.,1666
166116.11,6. 167 1666661666.1,.1 179
166161616161 16616111.111,466. 611,.,66 A.,i
1661611611, 6. 66 116
1161616Τ.·· ιιι, 464 16666Τ.· 1, 61. 111, 771
166161661Τ. ι1, 661 116661111Τ. ι, 66
1661611111, 647 166661161Τ. 11, 161 .
Ι66116111Τ.111,666 1666666111 1111, 616, 6.1,4. 17
1661666111. 1, 666 Ῑ1161116161Τ.· ιι, 766
Ι66166611Τ. 111, 611 166611Τ.11,196. 1, 76611161. 611,
166116.1Τ111,166.,Τ.11616.1ι,691 7116111671116961166
1161666611, 661 1661111161, 17. 11, 716. 111, 116
Ι66166161Τ. 111, 66. 11, 741 1666131Τ.11,766. 61666. 1111,
1661661616Τ.“· 11, 746. 1, 666. 11, 671 166
16116666116166. 111691. 1111, 1666116111, 11, 166. 6.11,.1 66
111. 6111. 166. 111,11 161613111611116
16616161111, 166. ιι, 776, ι, 166 166616661Τῦ 1, 666, 11, 176
Ῑ6616616111Τ.“· 111, 699. 1, 679 166613161Τ311,691.666.1,167
16611616111.1,677. 11664, ι,666 1666111,61116Τ1, 61
16616611161Τ. ι, 76 16611μ61Τ.·11,1616.·ι,1.176.111,
1661161616· 11, 1’. 16 6.166.111,4.66.1,1.116
166136111Τ,1,1766. 11, 179. Ι76.7 111, 1666116161. 111, 766.· ιι, 661
61611669. 1166. 611116. 16661661Τ.ι,766
1,1.164 1661116611 1, 146. 11, 616. 1111, 667.
Indignatus? 111, 1. 71 11, 116. ι1, 617
166136111Τΰ· ιι, 466 166616616Τ.1,676. 11, 617 .
1661161111Τ.·· 111, 146, 11, 744. 1111, 116. 16611111Τ. 11, 647. 6.· 1, 6. 17.· 11, 6. 67
11, 619. 741 116661Τ. 111, 666
1661561111Τ· 1,111. 1111, 667 111161111Τῦ11, 66
1661661Τ.1111,669 1661116166.··11,6. 19
Indiga 1111166Τ. 16166 16661616Τ,11,666
1661366Τ.1,117 1666116Τ. 111, 666. 6.,1 1. 67
1661166166, 161 16666116661ἱ11, 661
Indignum T. iii. 1⁰⁰. v, 176 16666661111.1,11, 11, 616
Indignus. 111, 1101. 1, 6.161 16661111 S. 1, 6. 66
166161611661 16111161Τ, 11, 149. 666. 111,11 “
1661161611Τ.111,167 16611616 ,,1116
16611111Τ.1111,611.111,666 16616111Τ.··ιι,666. 6.,16.166
1661611616 6.1, 1. 66, A. 1, 666. 666 166111Τῇ 11, 766. 1111, 666 x, 166, ⁰.
Indocilis T. 11, 616 1, 6, 66
166611Τ.11,661. 616116. 11,6. Iners 1111161, 111,166. 11,661. 1, .
44 116. 111, 666, 11,66. ι,66. 11666.
11166111 A. 1, 177, 11,676 ⁰.i,⁰.⁰l. 11, 6. 46. ι,6166, A.
Indoluit T. 111, 267 11,176
Indomita T. 11, 671 111116Τ311,116.11,664. ι,114.666
1166161116. 1,6.111 1661116· 11, 696. 6.1,..666 11,4. 66
1666161111Τ.11,166 116161Τῦ111,666. 11, 666. 766. ι,666
11666117. ιί, 716 166111661Τ111,666
1666611111111. 11, 17 1661111111.1,616
1166611616.“· 111,1.166 166111·.“·111,167.11,66,61166296
11661116 6,1,1.61.116 1661116111Τῇ 11, 646
16661Τ. 111, 161. 1111, 169. 6.· 111, 1. 116161Τ. 11, 476. 669

 

