ἰῶ nwn

0.1,..9091,4.90.00111,9..99111,1111110119.,,10901
4..0011,7...4011144.·100 1111111111,Μο
1111111119. 1, 1. 71 11111111· 11, 900
11111111191, 0191 1111111111, 491
1111.1,11.11,111.1.111.1111111,1111111011111
004.0.111,9.1.111,9.10.11,9.07.1)11111111110.1,4.109
11, 0. 40 1111111Τῇ 111, ·007
1111111111.1,99.11,00.1,.70 11, 997 1111111111. 11, 010
0111111111.1,1111.0111111.111, 1111111.“11,000
9..οΙ 11, 009 11111111· 1, 70. 949. 994. 909. 009. 479.
Ῑ)11111111111Τ.· 11, 407.· 11, 1110 510. 11, 108. 485. 510. 000. 111, 178.
1111111011, 9. 90 904. 901. 11, 009. 1,.970 409. 090.
1111111Τ.··11,749. 1, 000. 9.1,..409 11, 111, 909. 409. 11, 009. 490. 1, 007.
9911111090190411101 1199971011170001910419
1111111Τ.1,000.11,400.11990001. 117. 1,0. 940. Α.1,7.0 009. 11, 917
400. 111, 904. 909. 11, 904. 004. 000. 11111111· 11, 140. 070. 11, 001. 111, 97
719. 940. 007, 111, 190 0. 11,4. 10. 1111111111111··.· 111, 099
1, 0. 970 11111111. 1, 000. 497
1111111111· 11, 950 1)111111119.1,0.100
011011111111019101,1111111111“.11,111
900.907.111,940.11,1101.1,001. Ι)1111111.1,790.11,049
709.11,019.0.111,1.00.111,0.11.1111111111.11,009·
11, l. 90. 11, 4. 00. A. 1, 190 11111110.ΙΙ 11, 1. 00
111111οΤ.· 11, 790. 9.11, 7. 09 1111111111. 11, 909
11111111. 1909. 11, 000. 9. 1, 9. 00. 1111111111οὒ 11, 9. 00
111·11111111191·.11,1·90·.···0.·1, 1. 100 11111111·Τὶ1···707·298 11,·411····Α · m
Diuum. vi. 109 11111ἰοί1111. 1, 007
1111111113 11, 070 1111111110. 1,0.100
1111111111ἰο. 11, 9. 0. 110. 111, 1. 09. 111, 1111111111 S. 111, 000. A. 1, 040
· 0.70.11,0..91,0.100 Ι)111111111.1,007
Ῑ111111111110.11,.9 100. 111,9. 99 1111111111. 11, 410
1111111110·Ι 11, 9. 00 1110111111 T. viii, 100
1111111ωο1, 0. 07 11111. 1, 901047. 11, 017. 1, 99. 11,
11111111 S. 11, 0. 00 , 077. 111, 904. 407. 0. 1, 9. 09. 111, 0.
111111011οθ · 100.111,0.1.07.11,0.0.04.11.
11111111. 11, 904 79100
11111110. 11, 7. 41 1111111111, 9071000 11, 91. 09. 09007.
111111110.11,1.00.1,9.147 111, 441. 400. 007. 000. 11, 9. 07.
1111101117.111,111. 0. 11,0.194. 1, 984. 480 70911· ,000 081. 111, 04.
9. 179 900. 009. 000. 404. 1111, 40. 419· 11,
11111111 Τ. 11, 000. 111, 09. 910 070. 1, 04100. 019. 11,0. 190. 490.
Dicent'r. 111, 70 111, 0. 901. 000. SA. 9. 10. 170. 954.
Ῑ1111111111.1117901,097.11009 1,...0700 11,1.100.11,.71.14.
11199101199001111989 1911111001110011000
Ι111111111Τ. 111, 900 11, 7. 01. 11, 0. 40. 1, 1. 100. 1, 0.
111111111990019900111910 77. 01949900
1,..,.9791000 111111.1,09....07100010449000.
DiceoetT. 1, 810. 0.· 11, 1. 118 · 11, 41. 914. 951807. 000. 057. 404.
11111110.Ι 11, 7. 00 111, 70. 148. 101. 940. 505. 514. 094.
DfflAmfflm mmstummwffi
1111119.1,1.104 900. 900. 497470. 700. 111, 994.
11111101. 1,110.111, 401. 0.11,0.0. 1, 471. 500. 700. 1111, 107. 900. 070.
00 00911, 991. 1, 944. 11, 100.
1111111111. 11, 070. 0111, 4. 91 900. 490. 070. 099. 111, 44. 94. 00.
ι111111110110070100111099 000....49000091,1..0·4.1,994.
, 1111111.11,1·11.11,11·.1111111111,1111.111.111.1,.111.11.1,.111.
9091110910111199100110 1118111109111111111111
140.11,.0141,.990 199117901111001119197

 

