11 11111111. ccxxxvii

7611166171ιί, 694. 1118 11196 71661 Τ.1, 198. iim& 11,989.090.
7611161Τ. 111, 660 “ viii. 907. ix, 78. ι, 18. 764. xi, 40.
7616911196 ιιι 969 669 8.1,9.166. 11,9.79.
7616191140 1111996,11,4.40.1,1.70.09.Δ.
761611Τ.11,498. 8.1, 9.19. 1,,.684 ,11, 169

111,9,149 71616617. 1111, 499. 111, 47. 468.- 811, .

761111’.11· ,.180 111, 910 968 8,,19. 9.60
100 7161111911, 619. 649. 111, 687. 11, 140.

76161111Τ,11,99.ι691...81,6.99 81177190811119119
,11111861 1991111191·
vetustiss. 1,9. 164. 11, 6. 60 1116161117.Μῦ
76161οΤ3 11, 966 716166 Τ.“11, 770. 111, 407. 81, 9, 46.
7611111616Τ.111, 919 119· 1⁰⁴¹· Α. 1. 919
7616616617, v, 818, s, γ, 8, m 7161661Τ. 11, 860
vexares. ι, 9. 67 7161116 T. 11890. 1111, 969. 616. 11,·
7911119Τ,·’ 17, 809, 711, 948, 622, 1111, .860. 8. 17, 1. 10. 7, 3. 141
9888ιῇ 111, 999. 614. 647. 789. 8. ιν, 716111116911 177. 11, 690. 19, 401. 11,
7,1.00.116 608
761117. 1, 699 71611118,1,1. 110
761168111. 97 7111191111οθ, 111,689.1111,497. 11,
1117.11,986.Λ.1,649 909. 111, 449. 610
7117.“ιι,161.111.111..1,168.111,1666111606.61111.1.,461.
997.1κ,747,1,4,80..11,188, 811, ιι,701.ι1,490.111,40,060-8.1,9.
16081908 1114111997 94911969119141116999
..111111111.1,ι.1ι.ι.,ι 1676
967 71611619· 11, 468. ι, 016
7617.ί,111..16811166 111,..9906 11171ϋᾸι111944
1,716.11,98..4941111689.ιι790 71616811, 5. 96
1,,661 91440111990600811,11011Τ·111799·911.001·009
989. 11,9. 114. A. 11, 496 71661166111. 17
71161910, 109. 1,100. 11449. 111, 7κιίιΤ,1111,494.· 11,.617 111,..6998
mmmxmnmm Μ.οΜ
147 81118, 888, 1.,8, 188, .,1, 171616Τ.”· 111, 644. 11, 698, ιιιι, 196
146 7161111911, 894. 890. 064. 11, 988. 684.
7111616811, 9. 19. 111,9, 109. 11, 9. 667. 609616. 111,666.11,178. 444.
10 1,869. 11, 6. 998. 999. 111, 64. 644.
7111Τ1Η109979646.11,6...914999 786.8.1119.84.11,6,66
47811111.,11,.1,888ιχ,,187 790669111ω866099 11,696. ι1,
111,118.....196966976479 8.11,6. 186111,6,.89.8.19180

70. 11,7.40. 111, 6. 99. 11, 9. 90.· 11, 1116161619111698, ι, 91
4.9.1,1. 946 71616119· 11, 799. xi, 908

711161Τ.”ιι,611.8.11,9.88 111616111Τ.11,641.167811,404.

7161666911, 648 690. 999. ι, 614. ι11,8. 8.1,9.146

71611619· 111, 969 716166661911, 899. ιι, 114 648. Ιι,

7161661668. 1,1. 194 . 666. 11, 669

71666116617,11,999 VictorinT. xi, 909

7111161618.ι,9. 109 1166111161. 11680. 111780, 8.

11161617.1,407.ι,84911,1.06.1,9.199

1116611161 victricius. ..1. 116

7111111619 11, 679 7116116118.111,9. 141

7161611193 1, 619 71611117. 11, 697. A. ι, 86

71ωΤ.11,.497 11,.690 1111111911, 7161661Τ.11,999.11,719.1111,98.
66681149011709111949 616.111,609..1,.8977

71661691, 174. 69911, 149. 111, 809. 71610168.ΙΙ ιι, 9. 69. ι, 1. 177

..116 111116 1116111. ιι Victum? ι. ιιι
464 7161619.··ιι,679, 11400 166061,

7166111811, 9100 909.111,999,.811,6.11
1166111111161116.111111 111461. 111. 608

 

