xxviii 11111111

8111111111 Τ, 111, 481. 11, 418 81111118, 1, 9, 91
81111181, 9. 81 81111118. ιι, 9. 41. 49. 49
1111111111111 8111Τ.111,494,111,941.11,81.11
8131Τ,1,999.1,9,49111,448 819988118171998
131111ιῖ 11889 8οὶιιο;1“.711ἳ4811.1111,199.111,81,8.

1 111991
8111111191, 999 8111111999
8111111 11199 811111 11, 118. 81, 9, 199, 198. 8,
8111811, 1. 89 11, 1. 99, 119199 111,8.89.11,4.
91111111, 1401 · 99. 111191. nm
8111111111Τ.1,481.1118991148] 811111Τ.1,184,11199 .
8111191199 · 8111111199. 111988, vi, 999. 111,
8111181198 111191, 111198, 1,189, 11489.
81111111181,1.99 1119, 1111111111
8111111111 111, 998. S. i, 9, 81 8111111 1, 998
8111111 8. iii, l. 198 811111Ι ι, 188
81111111Τ.1111,498 11111111Ι 1, 98. 111, 981. 11, 999
811111111119 8111111111999. 1, 19. 948. rii. 8.
81111111 Τ. 11, 199 8.111, 9. 49
81111111 Τ. 11, 991, 8. 111, 1, 19 91111. i, 191989. viii, 899, 11499.
8111111119.1,4.99 11199. 11188. 1111411. 11119.
8111111 T. 111. 914 8111198, v. 199
811111111111911,81911118, 998 81111111 viii, 999
8111111111 11, 491, 111991 811111 vi, 199
8111111111 11194 81111111Τ.1919999.111,199. 1191,
811111111111111 1, 911. 919. 11, 194. 919, 849. 149,
811111191111, 149 184. 991. 899. 899. 111, 419. 891.
8111811111111888 1111, 499. 941. hmo. 1, 1111999.
811111111811, 4.91 111, 911. 8.1,..998 11, 1, 99 91 111,
8111111111111991 1119. 111188. 11949 1,.1
8111111919,1,1.19 111.ν,1,18,.1,ι,19,111,819,
811111111111999 998. 948. 891. 894, 11, 189
8111111899 8111111111111199
81111811,1.191.991.11,9,11 8111111111 111419
811111111191, iv, 98, 111189. 11, 81111111 Τ. 111, 818

198,1,198.11,999, 111949894. 8111111 11999448. 111981111999.

1119111, 11184. 111198. 111, S. 11, 9. 91

9, 191, 11, 4. 18. A. i, 999 81111111 11,-199, 11, m*
8111111 T. 1, 888 8111111111841. 81111194
8111811111, 199, 8119149 811111 vi, 999. 8,1, 189, 11,8,49
8111911111 T. 11998 8111911111,1,88,199
8111111 T. ix, 994. 8.11, 9, 199. ii, 8. 41.- 8111111 A. ii, 999

v, 984 · 81111111 T. 11,14’
811119111111, 899 8111111118. 19181
8111911Τ.1,119,·8.1,9.99. 11149, 8111111 11, 19. 11,89,991,11,1,99

iii, 1. 99. A. i, 198. 899 81111111 T. 11, 919
81118191181118.98 Breviter S'. 1, 4.81
91111119.111,1,19 , 81111111 111, 898
8111111111 A. 1999 81111811, 9.98
81118181, 1. 91. 11, 1. 99, 111. l. 119. 8111111118, 11, 4. 99

1119119, A. 11, 99 81111111 8119149
8111811111, 999. 8. 1, 9, 11 Bromio T. 111 881. 91111. 11, 8. 88
,811181111918498 11, 181. 1, 9, 811111111111,498

19194. 11189998. 11989111, 81111111,1,1.4

1199. ν,9.199.1,9.88. A. 1194. 9111119111, 1191. inm

ii, 991 1111111111, 11,·99. 111981. viii,
811111111494 8181111181. 8.1,9.191. 1189,
8111811111199 118. 19 1
1111111111· 81111111 11491989. 199. 11, 448

 

