1111

Austro S. 11111. 1, 0. 70. 11110.
111, 1. 71. 1,1. 100

81111111. 11811. 011, 1. 100. 1111.

0111111011, 100. 11,001. S. 1,1. 07

Ausum Τ. 1110

11111111 Τ. 1, 100

81111111Τ.11,117

1111111111. 1111, 110

0111110111, 100. 11, 100117. 11, 870.
1111, 01. 181. 11, 111. 11111. 8. 1,
11 801 A, ⁴· a

8111111111 Τ. 11, 101

Autumnum 8.11, 1. 100. 1, 1. 00

1111111118. 11, 1. 117

1111111 Τ. 11,10. 1,111

Amisum T. 1, 170

Auum T. 11, 111. 117. 111000. 1, 070.
11, 111. S. 11, 7.11. A. 11, 100

Avunculus T. 11, 8. 18

Am T. 1, 070. 11, 077. 8. 11, 1. 71.
111010. A. 11, 111

1111111 T. 11, 110

01111111 T. 11, 110000

1111111101 Τ. 11, 000. A. 11, 111

1111111118. 1,1. 100

Auxilium S. 111, 1. 11

1111111 Τ. 1, 71

Auxilio T. 11, 100. 11701. 111, 000. 11,
111. 11, 171

Auxilium T. 11, 717. 11,107.8.1,1. 111

Auxit T. 11017

1111111111111. 1, 80. 11, 181.
181. 111700. 1,710. 11, 001. 111,
100. 018100. TU. 8.11,1.17. 107.
’11110

1111101, 110. 111, 7. 70. 1111, 11. 8.
11, 7. 107. 111, 8. 77

0111011100. 111101. x, 170. 818.
111,010.8.1,1.111.11,1.110

ΜἨήΜ

011011Τ. 11,111. 11, 111

0111Τ. i. 171. 11. 711. 111100. 180.
ἒ,108ι.151,0. 111100. 701. 1111171.

11111111. 11, 111

B.

Bubylou 8. 11, 7. 01

01011111 8. 11, 1.10. 11, 0. 07
0101111118. 1111. 117. 1, 1. 00
Baccha T. 11, 111. 111, 701. A. i,

101. 1111. 188. 870

0111ὴεί 8. 111, 0. 00

0111111101, 100. 811100
Baccheo· Τ. 111, 010

0111011110 111, 001

“ 1111101Ι

nauum 0. Ι, 1. 110

numum Τ. 11, 171

nuceum Τ. 111100. 1, 811. 8. 11, 1.
0111181111 S· 111, 1. 101
1111111111. 11111111 111.

0111011011 8. 11, 1. 11

0111111 Τ. 11, 111. 1, 111. 0. 1,1.10.
A. 1, 101. 010. 11, 107

01110111 Τ. 11, 170. Δ. 111 ..

1111111111. 11, 00. 11, 101. 111,
108007.8.1,0.00.1111.00

flnctuum T. 1, 108. 11001. 1,117. 111,
111. 11111 ι

noenum Τ. 111, 110. 1, 111. 001. 11,
„Su ⁴88· s· 81110100. '2252 u· V,

011111 S. 111, 1. 110. 11, 1.10

0111111011, 101. 11107

naculum Τ. 11, 070

01111118. 117. 10

011111 8. 117. 11

011118. 11, 7. 11

·1μὼ1111

Bai· 8, 11, 7. 10

11111. 1, 1. 1oe

0111111 8. 1, 0. 00

01111118. 111, 0. 17

01111 8. 111, 1. 00. 11, 1. 10

0111118. 11, 1. 17

0111111 Τ. 1, 10

0111111111 A. ii. 110

01111111 Τ. 1, 017

11111110.1,1.11.1,1.11. 11010

01111111 Τ. 11, 111

0111111111. 1, 01

111111. viii. 11. 8. 1, 1. 100

0111101111 Τ. 11, 101

11111..1,111.11,1.11

Buba T. 11,110

0110111 T. 11, 11

nuum 1. ι, 111. xii, 111. 1. 111111.
v, 1. 11. 111111

1111111111 ,

0110111111 S. iii, 1. 00

0110111180,1.10011,1.11.11,0.

01101111 8. 11, 1. 00

0111111011 8. 11, 7. 7

Rutunda S 1, 1. 117

0111101111011. 8. 1, 0. 17. 11, 7. 11

0111111 8. 1, 0. 7

0111101111. mm

011118. 111, l. R

011111 8. i. 1. 11. 11, 1. 110

011108.110.07.11,1.81.1,1.117

0111110. 11. 111. 1.1.11

,01111181 0. 10. 111. 11. 11, 1. 110.

 

