111

ΑΙΙΕΙΙΙ1ΙΙΤ11Τ1 7111, 11 ’

1111111111 Τ. 1, 187. 11, 69. 11, 486. 1,
191. 871. 811, Lm

1111131111 Τ. 11, 864

Assurgentibus 8. 11, 1. 186

swmffimmstmmmm
111, 14. 111.,1. 17

1111111118 11, 66. .1, 917

11111111 8.111, 1. 111

Assyriis T. 11, 91. 11, 169 ,

Assyrio S. 11,4. 14. 11, 6. 88

· 111]11118.111,1.111

Astsciden T. viii, 111141 -

1111111111. 1111, 719

Anisus 111911

111111 Τ. 111, 161. 111, 49. 11, 617

11111 T. 11, 678. 11, 191. 11, 166

Asterion T. 11, 111. 714

Asteris 8. 1,1. 197. 198

1111111 Τ. 11, 679. 1,116. 11,-661686.
111, 681. 8. 1,1. 17

1116Τ.1,116

11111Τ. 1, 166. 111, 622. 676. 11, 411.
691. 1,181.191. 1191118111.
468. 448. 461. 498. 111,114.114.
471. 1111171766. 11, 17. 1,176.
617. 666. 11, 91119. 696. 111, 1.
164. 796. 8. 1, 6. 76. 81. 11, 1. 86.
111. 11,7.11. 111, 1.16. . 111, 1. 11.
11,1.18.11,6.61.1.1,141

1111118. 1, 4.1

11111 Τ. 111, 16. 11,777..1. 1,181

11111161 T. 11, 619

Δ11111111Τ.11,797-

11111111ῃῇ111 T. 11, 494

1111111111 T. 1111, 81

1111111111 Τ. 11, 466. 1111116

1111131111 T. 1, 818

1111131111 T. 111, 446 ’

1111111118. 111, 6. 167

111111Τῖ1, 91. 11, 16. 111, 1. 491. 686.
11, 176. 766. v, 14. 141. 11, 686.
886. 111,99. 116. 1111, 46. 146. 176.
166. 11, 619. 1, 78.117.781. 898.
11, 71. 88. 111, 11. 48. 66. 118. 196.
8.1,1.98. 1,1. 147. 1, 1. 96. 1, 4.
16. 11191116. 1111119. 111,4.
49. 11, 1.1. 11, 1. 16. 69. 1,1.161.
166. 114. A. 1. 118

11111οΤ. 11, 816. 1, 446. x, 81661. S.
1,1.66.1,1.6

111111111Τ. 111, 14. 118. 168. 111, 166.
8.111,1.64.1.1,644

1111Τ. 111, 66. . 1,186. 11, 496. 769.
861. 11,149. A. 1, 886. 641. 671

1111111.1,181 .

1111111Ίῖ iim. iii, 466

1111181117. 1.1, 691

1

11111

Asiysgen A. 11, 111

1113111111 8. 1, 1. 77

Asi ocho T. 111, 171

A 1111111Τ.11,199

1111111111 T. 111, 167

11111111 Τ. 11, 661

Δ11111111611Τ. 11, 781

Aser T. 1111, 718

11111111. 111, 689

1111111111 S. 1, 1. 141

Ati-um Τ. 1, 11. 111, 186. 1111, 445.
8.11,1.141

1111111. 111661. 661. 686

11111111 Τ. 111, 194. 8. 11, 7.18

11111111 Τ. 111, 618. 8.1, 1. 91

1111111811, 1.66

111111Τ. 1, 61

1111111Τ. viii, 116

Atlante 8. 11, 1. 19

11111111 1,1,111

1611111611 Τ. 1, 161

11111111 8. 1, 1. 66. 11, 8. 167

111111. 1, 98. ν, 416. 111,4

1111 Τ. 1148186. 11, 641. 111, 671.
616. 11, 446. 611. 618. 611. 711. 11,

. 87. 111,71.169.144.464.781. 1111,
78176691. 1, 716. 11, 76. 176.

111, 161. 786. 8. 11, 1. 11. 11,8.16. ’

1,1.111. 1,1,119 -

1111111Τ.1, 166

Atro T. 11, 498

Atrei Τ. 1111, 741

1111. 111, 111. 11, 111. 111, 476. 8. 1,
⁴· Μ. V, Β. 158

Attis T. 1,111. 197. 416. 11, 49. 116.
11,46.1,87.661. 8.1,1.48.1.11,81

11116118.1,4.111. 11111. 11468.
11, 149

Atrides A. 1,199. 11, 67

Atridis A. 1,16

Μωωωὴωηή
81. 111, 676

Μὲ Τ. 1, 167. 694. 11,“61. 181. 11, 81.

11,1.117

1116111Τ.1,111.118. 111, 68. 11, 196.
661. 8. 1111. 117. iv, 4. 66. 11, 8.
19. 1,1. 178

111018. 11, 6. 81

Atrox T. iii, 126. 11, 81. 166. viii, 71.
441681766. 1,641. 111, 111. 611.
8. iia. 111. iii, 1. 141. 111, 1. 96. 11,

1111111111 Τ. 11, 419

1111111111 S. 11, 6. 71

1111161111. 111, 151. 8. 1, 1. 111

1111111111 Τ. iv, 71

1611111111, 119

Asteris T. 1,616

4
1

 

