111 smum. cxlv

N. 111814111ιέ6 T. 1, 694. 669. 11, 6611 A. 11,

ΝιοιιΤ. 116669 111111Τ. 111, 619. 6.··11, 86 ,
11118118.·1,6.6. 6.6996 111111Τῦ·11,49..696 11649 111, 149.
116668199641197116199 11,6686.6161.496

6.·· 11, 161 1114110191, 497
1111116181, 6. 69 11111111Τῖ 11, 794
111118.,19.997,1,6,99.,..·11669111,111111181676111918’

4.49 Numumsx 1, 6. 67
11111616· ιι, 6. 67. A. 1, 996 1114111116. 66. 96. A. 6698
1111161616 969 11111· 1116111. 11, 619. 1, 971. vi,
1111166111, 686 169169. 699. 6691696. 16984.
anw'l'. 11, 666 111,88.6.1,9.119.168. i. 4. 96. A.
1111111118· ι, 6. 66 1, 966. 699. 649
111111111111Τ1111, 641 11111111161111611111111. 116
1111111116 161.946.11,649.1,77.99.696.11,
1111116111.11,149. 8,,11 6. 66, 1,9, 66. 166. 199. 111, 719. 788. 11, 666.

161 679.11,998.4791668.679.791.111,
111616111616116· 9166 86. 8111, 6. 11. 1, 6. 46. 66
Narrabat 616974 1411111111111111116111, 11,616.
ΝιιιιιιιιειιιΤ. 116966 111, 164. 941. 11, 188. 111, 6491797.
1111114766. 6694 6.11,1.99.11,.6 148. v 6 197 6.
1111111116111. 111, 499. ι, 489 16164
1116111869. 69 111111Τ, 116666. v, 966. ι, 797. 11,
hammaim? - 694. 1.·111,1.1ι.1οιι..1.1,.14111,
111111111116.111,6.997 16694
1111111616766. 116894 1111611111Τ3 11, 961. 1, 668. Ιι, 496. 767.
11111110111666,11,6.76 ,496 6.111,6,114.196.146.146,
11111110ιί16. 16696 111, 4. 99. 77. 6.· ιι, 69
11111111181684 Νιιοι Τ. 1, 79 111, 169, 679. 1ι, 666.
ΝυοειιιΤ. 116799 1111, 6861 166. 416 67676911,
Νυοθιιῑειιι S. 1, 9969 99. 979. 419. 694. 611. 111, 17 S. 1,
1111111916,111,1,166 · 6..19 161,87.11,6..6 1, 6918.
11111111191116.111,1,98 ι,6. 16. 79
11111116. 1, 6. 64. 11,1. 19 111411111Τ.1,689.11,619,646. 6169.
161461111ῐί1, 6696 11, 691. 666. 111, 491. 696644. 1111,
111111869966 961,1ι,919,61161..9911,.766.
1111116111.111,111.111.111.ι.,11,ιι,ι,ιι.11,1,114.111111111.

648664. 16666796. 6.111,.1666 6.11, 164
1,1.6 11141111. 16691. 11, 846. 111, 917. 447.

1111111118.,19.166 · · 1111, 669. 688. 11,466 697 111,
1111111111,169.1,977.111.617479 661. 819166 9761617 661
11,.,,498179611,199.691,.8111, 661164861191669114.
6.64.6,11,996 17.111,4.76.11,6..1661,6.711,
1111111811ἰί, 6.99 1ι,699.8.111,.689 6 99 A.' 1, 488. 11, 174
1116161661 1111111116.·“ 111, l. 168

Naulibus& 16 169 1111111111, 111, 646
16111116.1,1.1ιι. 1,6. 194 1114111811, 641. 1, 416. 1169911696,

1111111111. 16676 ’ 769. 11, 619. 6964. 111, 648. 86

ΝιιιιιιΤ. 1, 798 1. 97

111111118111, 669. 11, 969. 11, 849. 11, 11111118. 11,4.6
46861611869496169 naamam

1114111111Τ916668. 11,67.1, 966.11,1111111111116.1,416
mad-84 unuh-MA, 666

1111111118· 1, 9. 88. 11, 6. 68 Naufragum ιι, 619 816 1. 189
11.ι.ιιι.’1.·ιι,ιιι.ιι,ιιιι. 16668 Ν1111ιιςίιΤ., 1 416

1111111ιὶ111 T. 16697 NavigntT. 11111679. 6.11,6. 116. 6.
111119111Τ.1ι,469 1, 97. 11, 661 ·
11641161. 11, 667 · 11111314161616311, 6. 61

Daph· 14 Tar. ctu. 114. 6414. T

 

