clxx. 11111111 ·

&amasim 1, 1. 14111. 44 ’ ’
411111111Τ,111,444 ΡφΤ.11,ω4,111,44,4.11,,.,1411
411114144141 444, 1, Ι. 144
4111111411.1,144 4111111141, 444. 11, 444

1,)1111111Τ,1111,,,.4177111484 8,111,4. PlagammTTvTT 114

187,,...1484.111,441 ΡΙιςιιΤ.111.,1441111,148.14,744. ,

ΡΙιωκ141μ4144 41,,444

Ριιαιιι,111,ι.,..111111,ιι,Ριιιτιιιιιιιιι
444 ΡΙιιιιΤ.1,4.44 11444444, ffiATT.

ΡΙιαιιΤ....11414411,44.441 11,174,1,744.111144414448.
ΡΙιιιιιιιιΤ.ι,141 1,.611111,ι,11,1,1.111.11.·1111
4118111414 41111111111Τ,’”·111.74,1,444. sim. 8.

111111111114111, 4, 144 111,4,177.1,4,14
44111111, 111, 444 4111111111. 111,44,11, 447. 11, 14. 147.

Ριιωιιιιι.ιιιι,ι,,1111,ι,ι. 111,474.11,444,11.441,11144.
111 48.1..,14444811,..,44411..174

ΡΙιωιιΤ,11,,441111,174.,8.1114. ’,4114411444

14. 1.1,74 4111111111,111.11,111. xiim!
4411111411, 44 1111114111. 44, 11, 444444, ι1,
11111111111111 111.ι.,ιι,.1111,111111,ι.

ΡΙιεειιΤ,11,444.111,.44411,,4484. 41,,441,4.44
ι,,.11111,.111 Pinum 11111111

4111441474· 11, 441. 111,.444 1111, Ρ111ς11411,4.17,1,4,44
47. 484, 11, 744. 1, 444. 111, 174, 1441114114· 11, 411
174784, 81444. Α,1,.444444. 1411311111ιί,444
1111111111 1111111111..,111

, 1114111114 PlangeTeT. 11, 144

Ρ111141Τ.111,144,111,448. 441.4.ΡΙ11111.111111,414
144.111,4.17 1411ιὲ8.111,4.14

11111111.. 111. .1,.111 11,,111 11.. 1111111111 ιιι, 1. 111 ’
A. 1444 PlagisT. 111, 484
1111141441. 1, 144. 174 ΡΙιιςΙιΤ.111,144,1ι,444,744, 1,844.

Ρ1111111111451. 1, 14 A. ι, 441

1111141Τ111,447.81,..444 4,.,44 ΡΙιιιριοΤ,1,744
141411144441144 ΡΙιιιςίιιιιΤ.11,1.4411,417

mim. ι, 47, 11, 417 mango T. 111, 414, 4,11,1. 48. 1,4
Ρ1141411111111Τ.111, 44
4111144411 S. 140141, 11, l. 147. ΡΙιιιςοιιΤ, 11, 44. 111, 144. 444
111,4.44.147,1,4.1,4,“11,44 111113 1111111141, 444, 111, 144
PlnddissimunA. 11, 171 ΡΙιιιςιιιιιΤ, ι, 478, 11, 117
41111414· 1, 444. 1,.441 1111, 444, 4. ΡΙιιιιιΤ. 11, 844. 1111111
11,1.1ι,ιι,1,11,111111 ⁴ PlantaT. 111447
1111114118, 11, 4. 144 ΡΙιιιιιιίΙιιιιΤ,“ ι,444
ΡΙιιὶἀιιιιιΤ11,444. 4111,4,,4 1,.4 ΡΙιιιιιιΤ,1,41, AT, 1⁰⁰
47 Ρ1111111Τ, 11, 444. 744, 1.1, 444. 474
Ρ1111411Τη11414,111,447, 41111. Ρ41111Τ,11,448
144.“11,8,47.1,1.444 Ρ1111111118.“11.4, 44
mmuh, 744 ⁸ ΡΙιιιιειοΤ.” 111. 147
4141111 T. 11147 4111111111..ιι,1111
Plu-,itan Τ, 1, 747, 11,444 Α1’111111111Τ,111,444
placitu· Τ,111,144 ΡΙιιιιίιιοΤ, 111441. 11.444. 11,444
ΡΙιοιιιιοΤ, 11, 444. 1, 444 ΡΙιιιιίιΤ, 111, 141
4111141118. ι. 4. 141 ΡΙιιιιιΤ,Ι 11, 474. 111, 444
4111111411. 444 4111411441, 4. 444
1111111141, 114 11, 114. 111, 444. A. Ρ111141111114Γιι, 144 ·
1, 444 4111111111,ιι,111
ΡΙιςιΤ, ι,44,1,184,1111,14.444, ΡΙιιιάειι8-1,4.144
11,447.11,414,111,144.4.1,4.41. Ρ1111411Τ.11,1.1 4,1,4.74
11,4.8.11, 4. 8411. 4. 18, 11, 8,8 Ρ11114111Τ.11,784.8.1,474

T

 

