111111 · 1111111

01011111οΤ. 11, 811. 11, 704 Arenata-r. 11,484
01010111 T. 11, 606 01011101 T. 11, 80
0101011 Τ 11,60 11, 808. 111, 80 010111111Τ, 1111, 418
01010101.1111,780 0101οΤ.1,880.11,800,0,11,0,0
01011101Τ,1,46,11,060,11,,000 11, 0101101Τ.1,04. 0,,18110
888 0101110180.1,600.111800,1,
Ι010101Τ.11,880,410111,,440404 8,,0011,1.08
· 008 11, 80, ν, 07. 400, 11110 01011010.11,8..17111,0.46
070.111,088.0.,18.71,11,1,87.0101οΤ.111,007.6ὔ,11,804.11,402.
11,0.,,..,..801180181600.1,1,..100
8001170 0101οΤ,184,0.11,,640
01011111 T. x. 806 0111011 T. 111, 810. 111, 86
01011111Τ. 11, 160 0101011 Τ.111,088.0.1,4.00, rim!
0101111 T. 11, 048. S. 1,1, 114 0101811 Τ. 1, 006. 1, 600
01011οΤ,,,1818111,180.0.111,8.00. 0101011Τ.1,70
0,11,044 0101001Τ,1,,.,,10010188
1111101,.1110110111.11,11.,1100101011,1,111,111,.011 1111400111,
11,404 068οω610118188116
0101001Τ,111,,188.,01114.00 81,1.187
0101110οΤ.“11,740.1,408,000 010101Τ,“ 11, 708
11011011,111.111.1,.080 11,1144. 011111οΤ,11,088
111, 800, 1111, 746. 1,.488 448. ε,11,1110111101’.1ῑ,11
7,0,111,8,00 Actumero. 1,.800 1111480, 11,
0101Τ,1,114. 11180170 111,.104 800.780.778.1,.08.001 01, 0,
1111,01.410.11,417.111,800. 011, 00,1,4.,70 1,.600.111,1,61, 11,
0.181.111,1.180 870. 0,1,107,11,108

ι 010011 Τ. Ι, 801, 1111, 78, 800 01011011111Τ,υ n. 080

0100611010. 11, 10 0100110· 1, 460
01016οΤ.11,008. S. 11,8.84 0101οΎ1 1,1000.11,781.770. 011,
0101101. 11, 060. 111, 040. 11, 807 1,80.Α,1,111.101.181. 11,410
01011111101Τ, 1, 006 01001 Τ, 1, 060, 704. 11, 108. 000800.
0111100111, 040, 011 1, 86 807.888,808.088.11,708. 111407.
Atoeoertv.u6.vi.2’⁰⁸..ri,8ro 000.1111,.,,,,.00144011081406600
0101110,11,088 800..,.,,,0407000841001011,1,
010110.1,100..,.06111808111,088, 1481018401,480118001

11,....111618670111100800000 0..400.Ι,.480080

11110887, 111,480. 1111180, 1, 0111οΤ. 1111, 474

600. 078, 008,11,860.000,111,607. 0141110,11,118

.1,0.144.1,8,00.11,0.80,111,1. 01006οΤ,111,846

10118. 1118180108, 111011. ,1100111111100111100010111.

11,1,7.11,4,4,11,0.00.1,8,107 706.1,686. 1111060078. 11, m.
0111111010 S. 1, 8, 70 11,000.008.0.111,1.180
01ω1Τ, iii. 00, 11, 87. 874. 1111, 008. 0111011112 11, 184. 840, 11,08,.111,88,

1,187,0,11,1,000.11,8,80, 0. 11, 000

171 ,11111001000100101
Archemoro Τ.1,000 0100010100110 11,708. 1, 407. S.
Archemori T. 11, 817, 111, 08 1, 8, 17. 0.11. 480
Archemorus T. 11, 710, 1, 780 Ardenti T. rii. 740, 1,.081. ’0, 11,1.60,
Arcitenens Τ,11,740, S. 11, 4. 08. Δ, 11, 8. 10

118 0111111111, 11, 078. 11, 810. 011, 1, 168
0101111, 11,οΤ 0101111601Τ, 11, 064
01011 Τ, 11, 700, 111, 48 01001001οΤ. 1, 006, 0,“ 1, 8, 100
0101110.11,1,108 01011011111,800.111,06
01011111,111,110.11,111 011101Τ,” 11, 887
01011011οΤ,11,180,1111,880 0100100110, 1, 810
01111110.11,1,180 “ 111001Τ. 1, 400. 11, 001. 1, 4081488.
010111Τ.11,480 11, 80, 481. 600. 111, 708. 704. 11,
010111Τ, 1, 404. 0,1,400 700, 1, 880, 11, 160, 0,1,478. 11,
100111, 0111. 11011 19

 

