111 1111111111. · 11111611

, Ρ161116111181, 867 ,” Ρ11111118, 11,1,81

sumno· 8. 1, 6. 61 Putemus Τ. 11, 161
Ρ1111161111, 11, 211 Ρ11111Τ. 111, 116
Ρ111111111Τ,11, 218 Ρ1111Τ,· 11, 822. 1,116. 111, 691. 1111,
1111111681612. 811, 1. 111. A. 1, 166161, 11, 118..117 1, 661917.
118 111,,,16281,..1117 ,6,1111,,211
Ρ1111111Τ.1,221.111,216.11,167.11,Ρ111618,111,..1111,,611
672 Ρ11111Τ,111,811 ·
111111111111111111. 1,112.181. Ρ11111111Τ111,668,8,11,1.11
· 11, 866, 111, 111, 1111, 261. 11, 687, Ρ111111Τ.·1,117,11,211. 11,167,111,
8162111111111112711 118.,811,1,126
1,11,11,6.18.26.17.166 Ρ11111Τ.··111,161682.612, 11,617,111,
ΡυρροωΤ.11,,ν111,,,,171111811,2,611.,,.81166
112. 11, 7. 61. 111, 2. 161, 11,11, 112 1311161811211417,1111111
Ρυρρει116,1,111,11,1..111111 Ρ116111111Τ,111,111. 811,1.111
2166185111, 2. 66, v 1118 Ρ11111Τ,’ 11, 728
Pu 6616118111, 1, 76. A. ,116 21116181, 177
Pupp imA. 11, 161 1111616856, 6. 61
Ρ1611Τ1111611717 11,111. 1,- Ρ111161118.1,1.166
182. 8,111,,.221 1,1.212.Α.1,66. Ρ111111Τ11161 ·
ii, 2 Ρ11111111Τ,1111,181
’11111118 11, 161 PylioeT. v, 761
11111111Τ.11,118 Ρ111118. 1, 1. 266
PurgntaT. 111116 21111Τ,1111,166.8.11,1,168, 11,1.
ΡιιῐμῑοΤ. v, 117 111 .
Purgn 11111811, 671 Ρ111018.ἰίἰ.1.111
11ῐέΙ 1111Τ. 1111, 767 Ρ11111111Τ. 111, 611. x 882
261161811126. 186 Ρ]11111Τ,111,121
Ρ1116Τ11162817, 11116 8,1,.1 Ρ1161Τ,11, 126. 126 2216 ,122
, 12, 11,1. 11 Ρ11111116116Τ,“ 11, 611
1111161811, 21 1111111111, 616
Ρ111111Τ1,61,111116812166,2111681111.11,16,8.111,1.111
116.17,111,,1 111. 111, 8111. 11, 1.Ρ]1111116111118,1,1,66
1..,111217 PJmT. 11, 466
Purpurea 11,6, 12 PJ nhoeaT. 1111, 166
2116166811162 Ρ111111111Τ.11,161
Rurpurme 1, 618, 11, 718, 811, 7.1 1111116812, 161
1111161116, 1, 81, 11,1. 26 PyrrhumA. 11,111
PurpureisAss, ι 611 PJtlneT.¹ 11, 189
PurpureoTss 1, 111.. 111, 111, 111, 661. Pythoum· 1, 711. 111, 166
811,1,11,111,11,1,11. 1, l. 266 PJthonaT.'i‚ 661. 11, 222

Ρυφιι1ωιΤ, 11,81. 8.1,2,179, 11

9³¹1?oeanst 1, 111. 111, 111. ,1.,11 1, Q.

2141611111Τ311, 881. 8,11,1.1, Δ,ῖ, 0116111111811171
181 0116611511Τ,111,611

Ρ1111111Τ.11,666,111,711,1111,621.011166η116Τ.111,717
111,11.Α.1,617.11,117 0116611361Τ,111,116, 1111121
Ρ1111111Τ,1,617, 11111111 01116111ρε611Τ.11,1811. 111, 119
Ρ1111118,·· 111, 1. 117 011611611811, 1. 16
Ρυ1ιι11Τ, 111, 611 011111111811, 711. 11, 681
11111611·ιι,11116111111111.1,111
2111111111,111161111111,6111111111111
288116.8.111,1.21, 111, A. 21.Ι 11, 6116111111, 66
811 A 1 661 QuaereTst 1111, 76
·Ρ11811111 T.' 11, 16 0111116111, 11, 621
21111181, 1. 117 0111161113 ,1,11 .

 

