ΙΝ 811116 81.

1111111111 T. 11, 188

11111111. 111, 644

1111111 T. 11, 686. 616511, 688. 792. 11,
86. 291. 1, 867. 11, 466. 111, 166.
118. 8. 1, 2. 266. 261. 11, 4. 96. Δ.
T, 1991840 '

1111111 8. 1, 6. 68. 1, 6. 91

1811111181 T· 1,]86· 8911 iiis ¹⁸¹· ’,1181
11, 266. 1111, 181. 11, 141

1111111111 T. 111, 669. 1, 421. 648. 111,
468. S. 11, 2. 119

Trrjecit T. 11, 161

1111111111 Τ. 1, 61

1111111111. 11, 669. 1, 619

11111111 T. 11, 49

1111111111. 11, 166. 268. 8111, 1. 91

1111111111 T. 1, 266. 411. 11, 861. 111,
ΜΛωηε11ωη1η
A. 1, 691. 11, 148

Tranquillo T. 1, 866. A. 1, 164

Tranquillo T. 11. 21. 618. 8. 111, 2. 18.
1, 1. 826

Tranquillum 8. 11, 2. 41. iv. 8. 92

Tranquillus T. 111, 194. A. 11, 188

11111111111 T. 11, 616. 111, 669

1111116111 T. 11, 9. 11, 118 -

’1111111111 Τ. 11, 126

Trsnssrligsru T. 1, 121

1111111ηά111 8. 1, 4 126. 1, 8. 266

Trsnscunere S. 1, 6. 161

Τ111111111118. 1, 8. 61

ΤῙᾌΜΒΠΠ 116 S. 111, ⁴· 1

’11111111 T. 11, 928. 1111, 211

1111111118. 11, 1. 161

1111111111 S. 111, 1. 6

1111111111 8111, 2. 8. 111, 6. 82

¹ 1111111118. 111, 6. 69. A. 1, 626

1111631111 8. 11, 1. 78

Tanarug. s, 1, s. 111

Trsnslugerst T. 11, 868

Tnnssunnr Τ. 11, 899

111111116111 Τ. 1, 684

Trsusgresso T. 11, 116. 11, 94

Trrnsgressi Τ. 1, 146

Transgressus 8. 1, 2. 96

,8111181 s· V, ⁴· ¹⁹

1111111111 T. 1, 26

1111113111. 111, 666. 1111, 418

1111ιί111. 111166

Τη111111111.·111, 686

Τ11111111.1,146. 11, 191. 111, 818. 8.

1Μ11ω11111
rsshmufflmnm.
Tssffifflnnnn'
1111611111. 11, 646
111111111111 T. ii, 18

111116

111111111111118. lv, 2. 12

’1116686611 Τ. TV, 1901 11, 80111 111146.
S. 1, 8. 271

111111111111. 11, 621. 11, 141. 1, 686

Τηηωήωῦ As T, ,ω “ ’

111111111111.11,49. 8.1,4. 124 ,

Transmissurn T. 11, 166

1111111111118 111, 6. 66

1111111111111 S. i, 2. 168

1111111111111 T. 111, 218. 11, 622. 11,,
gv. 962. 111, 426. lx. 289. x, 621.

,1 8. 66

11111111,11

111111111611. 1, 498. 1111, 696. 8. 111,

11111ιωὶ16111 8. 1, 6. 28

1111ιωί11111 Τ. ν, 16

111111111111 T. 11, 611

1111111111 A. 1, 462

Tmmportern Τ. 11, 691

11111111 Τ. 1, 464. 8. 111, 2. 28. ΙΑ. 1, ·

Transtulerat T. 11, 666

1111111111 8. 1, 1. 196

1111111111 Τ. 11, 162

1111111611 S. 11, l. 111

1111111161111 T. 111, 666. 1, 466

11111111111. i. 848 “

1111111111 T. 11, 469

1111111111 T. 11, 242

1111111111 T. 111, 292

11111111 8. 11, 1. 29

1116111111 8. i. 4. 86

11111111 T. 1, 664

1111111 8. 1,1. 61

Traxisse A. 11, 886

1111111111 8. 111, 4. 48

11111111 T. 11, 411

111111 T. 1, 624. 111, 662. 8. 11, 4. 166

1111116111 T. 11, 142

1111116111 811, 6. 21

1111116111111.11,662. 1, 116

Τ1ε11161116111.11,441

1111116111 T. 11, 686. A. 1, 241

1111111111111 T. 11, 666

1111161111 A. 1, 681

1111161111. 11, 116. 111, 661

1111111111 T. 111, 614

. 1111116111.11,182

1111111611 T. 1, 164

Tremens T. 1, 216. 616. 1111, 642. 1,
46. 111, 774. A. 1, 624

1111111111111. vi, 481. 11, 618. S. 1, 21

111111111111. 1, 816. 666. 11, 618

1111111111. 11, 666. 1, 96. 111, 186. 11,
1111111161 Τ. 1, 66. 1, 619. 8. 11, 1. 66 ·

 

