1 11198Χ

0111111181.1,111 Currere S. 1, 9. 49

81ρ1111118.11,8.99 · 8111111111Τ. 11, 941. 811. 111, 88. 1, ·
811111111811, 9. 100 , 870. 11188. 8. 117. 108
811ρ118.1,8.80 8111117. 111, 998. 489. 11, 990. 1, 899.
09111811.. 7111, ⁵8⁸ s· A, 219881 ''10 Ἷ11288146719891 'iit 7017121 ⁷25·
188. Α.11, 111 1111, 899. 11, 811. 1,919. 898. 844.
0111111ϋ1,11.101.11,110 898. 898. 11, 444. 111, 897. 8911. 888. 841. 747.
4881184111499111,8..87797 8.1114..881,..710881,.79944
111111411111. ιι, 889. 1, 480. 81111111Τ.· 111, 414. 497. 11, 998. 11,
11, 889. 889. 717. 81810. 1, 890. 11177911, 178. 1,178.111,
8. 78. 1,0.84. 11,1.189. 11, 9. 99. 998. 998
111,1.180.11,1.19.1,1.199.1,11, 8111111117.,111118. 1881. 1,9. 184.
Cup 11111Τ.1ι, 848. 8. 11,1.48 81111117.’”11,88. 111999. 881. 11,888.
Cup 1,1111118 11, 84. 8.,1 1,188 11, 98. 844. 880. 807. 808. 111, 88.
8111111111Τ.111878 880. 808. 819. 790. 890. 1111, 98.
811181111511111111.11111111,111.111.1ιι.ιιο.111.11111111.
874. 81, 8. 89 088.1,741.11,414.897.11198.
8111’1·.’ ι, 149. 817. 400. ιι, 189 890. 894. 848. 784. S. 11, 7. 88. 11, 8.
888. 898. 111, 481. 11, 499. 897. 880. 189. Α.’ 1, 88. 418
1, 79 78. 178. 978. 484. 480. 819. 01111118. 19. 179
889. 11, 147. 987. 111889084. 1111, emulans, iii..8 118
894.788.11,189.818.1,881.111, 81111118.1,4..47 11, 1. 8. 88. 11, 4.
897818104181911979 77..,819.107
1118. 108. 1114. 80. 111, 8. 9. 8411, 8111111181, 4. 89
9..18 11,..490 1,1...7088 19. 8111111111Τ.1.1,884 880. 11989
91. 1, 8. 94. 947. 981. Α.1,918. 011111Τ. 11, 700. 1, 107. 448. 819. 11,
840, 11, 84 998. 889. 808. 808. 898. 111, 884. 11,
81111Τ.1,879.1118888878889. 999.1,189.178.888.889. 11989.
089. 791. 11, 88. 1,1198. 1111007. 8.1, 1. 90. 11, 8. 99. iupus. 80.
1188811498819981488 811898
118.11,1.71.111,1.119.11,..889 8111111117. 1, 844. 891. 111, 789. 81,
1,9. 71. Λ.1,884, 1.47.11,4.88
81111111Τ. 1111, 094. 11, 191. 111, 187 81111111Τ. 111808. 898. 11, 048. 11, 818.
81111111 Τ. 11, 88. 11, 978 8. 111, 8. 101. 111, 4. 8. 11, 8. 89. 198.
8111111111Τ.111,890.11,89.11878111, 1, 9. 118. 1, 8987. A. 1, 989
1711887.8.11,9.149.111,9.101. 811117.11181.11,189. S. 118. 8.
11,..,...4481917.41,184 1111199
811111Τ. 11, 180. 888. 8118. 111, 418. 0111111111. 99
1111, 918. 11, 808. 1,.84 xii, 087. 8. 0111111111, 487
1,1. 41. 11, 1. 87. 198. 1111. 88. 11, 8111111118.1 11, 9. 88
0..11,1...81191,..9197 1,.8 81111111Τ.11,888.1,.8748.11,9.14
81.·iA ,188 891 81111111· ιι, 48
811111Τ11 880 ιιι 187 871 8.1,.4 81111118.11,8.8.1,4.4
80. A. 11, 189 8111111117.ιὶ,487
81111111’1·. 1, 890 - 8111111 Τ. 11, 898. A.ii, 497
8111111911784. 111178 81111111Τ.11,849
8111111Α.“ 11, 187 811118.“111,1.100
811118.1,4.41.11,,.1101997 81ποΤ.1,191.,1987
carias: 11, 8, 41 811111Τ. 11, 917. Sii, 2. 80
8111111118.Ι 11, 8. 88 8111118181, 999. 11474. 898. 111499.
Curis T. 1, 907. 849. 488.1,81. 989. 11, 177. 1, 899. 111, 19. 74. 048. 714.
480. 1111, 989. 1, 108. 11, 141. 111, 1111, 888. 899. 488. 497. 888. 871. 11,
104. 814. 8111, 8. 88. 1114. 71. 11, 88. 108189. 909. 1919819799.
4.,98.11,8..99118.48.,..1177 8.1,...978Δί1,408
1, 8. 84.11.11,149 8111111811 Τ. 111, 789
8111181141 Cuspis T. 111, 814. 1111899. 889. 11,
eamus, 111. 11 111. 111111. 111111. 11111. ιιι,
8111111111111 , 111 .

 

 

 

