IN 87171611. ccv

Sidnnt T. vi, 666. 1, 148. A. 1, 486 siluit T. 1211

6111111111,8111111111 . Similem Τ. 1, 486. 1111, 888. ST. 1.

Sigeo Α. AM 1⁰10 18161 1⁰⁶· 881181 2⁰1· 7, 812671

61111111111111111.1111111. 111111 “
1, 887. 708. 11, 116. 880. 111, 68. 8111111111464. 111688. 11,887.1,
8661111186. 11, 886. 447. 1888. 887. 866.’11, 818. 817. 11, 48. 111,
11168468. 8.1,1.87. 1, 8. 66. 1, 87. 818. 867. 11, 1161. 11811.
4. 6. 1111188. 111, 8. 88. 166. 111, 11,9.68.1,1.1.Δ.1,.866
8. 117. 11, 146. 11, 7. 47. 1, 8. 68. 8111111Τ. 11617. 1,17. 440. 11746.
1111. 111. 1111 1111111

8131161111 T. 11, 764 81111111. 111, 161. 11, 688. 8. 11 1. 86.

81311161 8. 11, 6. 18 111. 1. 47. 111, 8. 40. 114

signant T. 111 186 Siminina· T. 11, 668. 1, 668

. signantem Τ.11,267 8111161111 8. 1, 8. 887

8131111111. 11, 788 , 8116811111 T. 111, 886
8131111 Τ. 1, 874. 8.11, 8. 46 Simplex Τ. 11, 480. 11, 878. 1, 64. 8.1,
8181181811, 4159. ν110163 218661 Aina-⁴⁸· 1111188. V, 1· 651
ε11.11.1,111.1,11. 111111. 11, 1616616611ϊῖ
804. 8.1,1.6 8111ρ111111118. 11186
. 81111111. 11,468 8111111111 T. 1111, 841. 684. 11, 688. 111,
Signatum S. 1, 6. 18 466. 8. iij. 1. 168. A. 11486
8131111111 Τ. 11, 708. S. 1, 1. 88 6111111161, l. 160. 1, 4.4
8111111111. 11788 Simulare A. 1, 810
81811111 T. 1111, 884. 114 Simulat T. 11, 16
signentur T. 1, 706 8111101101 Τ. 11, 161. 11, 477
8111118. 1, l. 191 · 8111111111 T. 11, 661
Signifer T. 1, 666. 8. 1, 8. 86 811111Τ. i. 16
1111111111. ii. 111. n. 111, 1. 111111.1111111..1,111.111.11, nnn
88. 11, 6. 84. Α.11,48. 186 81111Τ. 11, 488
1111111611. 1111. 111111 6111111. ii. 111
Signatum Τ.1,177 · 8111111 Τ. 1111661 “
8131111111Ιά 11166. 11180. 1, nine· Τ. 11686
1⁷· 88, 611 “a s· 87, 61 881 Τ, A· ⁰8· Sinon· T· ἰ,Ι ³³⁰ Ι
A. 11, 176 Singula T. 11, 648. 111, 464. 8. 11, 8. 48
611116111111 6111111111. v, 861
81111111111111 8113116161 1’. 1111, 768. 8. 1, 6. 86
81111118.1,4.14 8115116611 Τ. 11, 688. 111, 80. 11, 88.
6111111116 111688
8111111Τ. 111, 666. 1, 164. 111, 878. A. 8111111111111
164 Singultus T. 111, 860
silente· Τ. 111 688. 11, 688. 111116 Sinin T. 1111516
61111117.1,111.11,161. 1111. S. 1, Sinis 811. 680
1. 84. 1, 8. 16 8111161118. 111, 4. 76
Silentia T. 1, 868. 441. 676. 11, 68. 687. Sinistra 8. 1, 8.,8
111, 61. 11, 488. 448. 1, 108. 880. 781. 8111111111, 681 ·
11, 467. 788. 111878. 1111111111, Sinistri Τ. 1, 047. 111688. 1111171688
168. 1, 61. 888. 761. 11, 684. 111, 8111111111Τ. 1844
870. 8. 18. 04. ’11, 1. 68. 118. 61. Sinistra T. 11, 816. 786. 11, 468. 748
1168116166. 111641. 11881, 811111 8. 11, 6. 66. 111, l. 68. v, 8. 888
silentibus Τ. 111, 01 6111111111, 188
811111111Τ. ii, 4. 111, 646. S. 111, 6. 88 61111111. 111, 846

8111111111 Τ. 11, 688. 8. 11, 7. 181 811111 Τ. 1148. 1, 884. 111446. 1111, .

811117. 111616. 8. 1, 8. 48. A· 1, 668. 886. 111, 888. 8.1,8.116. 11118.
11, 148 188. 11, 6. 68. 11, 7. 88. 11, 4. 76. 11,

811118. 1, 8. 148. 111, 1. 188 8. 14.”1, 6. 167. 1, 6. 84. A. i, 816.

1111111111 nnn. 1111

8111111811,8.1 81111111 Τ. 11, 868

81111111. 11, 466 8111111111Τ.1,188

8111111111 Τ. 1, 846 8111111111.11,806.8.14.10

 

