cl 1110111

11111νὶ11116.ι,111,1..1.1111.1111.1,,111111.111,111.111111,
11,.621 1621,.86711,667,6..1,666.1,
Νο11111Τ,,.1678 111,227.768,6.1, 6.24.111,6,166.11,1.46.11,6.
1,166 121. A.' 1, 216
110111.1,111,11,111.ι.,11.111111.1111101111,1.11.1,1.11
111, 268. 6.11, 4161 Νο111111111Τ.11,687. 1,478. 11, 161.
Νο1111.1,111.11,1111,1118. 6.1, 11, 141. ,1,11, 661
1. 16. A.i‚ 666 1101111111111Τ. 1111, 686. 1, 616, 11, 446.
Νο111111111Τ..1 761 S. 111, 2, 66, 1, 1. 176. Δ,11, 161
1101οΤ31171 164686 11616 11, Νο111’1,1,.686 6,1,2.176.11,6..6
166..168111,224,6,11,2.11.,.11 1,.186
147. 6.11, 666 111111111111111. 11,2. 111,412.
Νο1011,·1,266.464,11,66.111,486,1, 6111111111.1111111161,
666, 11,646. 111, 721. 6.111, 2..1 11, Am, 11, 1, 6. 11,2.61. 11, 6. 22,
4. 4 1,667
Νο1111111,1,161,1111,626.11,686.11,Νο101·1·,1,668,111,276.444664-11.
666,6,.1,18.111,.246 676.11,·,1467676741,111,,,66661,
Νο101Τ.11,,466111,2611,,,.4211466 ..66611111666161186
11, 666, 111, 661. 11, 114. 6.11,,6 166 ·
26.111,2.124.11,7.16. 6.1,647 Νο111101.1111,,6 1,166,111,661.6.1,
Νο11Τ.1,.,26241666.,66611,226. 2..,18811,242.,,1666,Α.1,666
766. 111, 448, 464. 11, 247. 448. 1, 11011111· 1, 141. 11, 418. 11, 677, 762.
266. 426. 461, 11, 66, 646. 111, 744. x, 466. 666. 111, 466. 666, 664. 666.
1111111,111.111.“11,1ο11.11111.111.6.1,1.111.11,1.11.1111116111.
16626648676811682111 11,4.68,11,6.7,Λί1,146
66.,6666.11,’.641,,.,22161,’,4 ΝοιΤ,1,..67646466.466.466.1ἰ,66
17,1,6.86. 11,1.110,1111,111,1. 166626662714,111,·416.677,11,
11161101.1114111116.11,111.ν,11.118,111.11,21.111611.
2. 6. A. 1, 16611, 76, 127, 266 1111,111.1111,1111.1111.1.111 11, 46,
1101111111, 111, 116 684,1,1,64,16211,761 111, 266.
Νοι.1.1ν,110.1,1111.111. 111766, 6.1,6.42. 111111, 11,6.17. 18. A.
6.11,11.11.1,1.1111.Α.1,1111 1,166. 11144262, 262
1110111111. 111646, 111264. S. 1, 4. 110111 Τ.1,687,111,648
126. 11, 2. 66 · Nonam T. 111, 267
11011111. 111, 816. A. 1, 66 1101111, 11, 148
110111111, 11, 466 110111Τ,11,666
Nostri! S· V, 10²„ Num Τ. Astu. 16, ¹⁰⁶0 666, 'we 5701
1101111614, 22, 1, 6. 71. A. 1, 667 11, 664. 768. 666, 1, 261. 268. 467.
110111 T. 1,111. 1111, 661. A. 1, 416 11, 266. 412, 667, 111, 766. 11, 126.
11011116.11,7.6 111.111.1,1118,8.ὶ,1,1111. 1116.
1101111111 A. 1, 176 147, 11, 6. 76. 1, 1. 162
110111111Τ.1,668 Ν161111.11,621.11,612,726.1,666.
11011111 Τ. 1, 266 111, 118
11011111.11,1.1.1,1.11 6060111601111266
Novem S· 1, 2. 4 Nubes Τ. 11, 6. 111267. 1, 664. 111,428.
110111111.111,666, 6,11,1,16,1, A. 1, 1111, 266, 666. 11, 466. x, 281. 627.
661 111111111111111111.1111 S.
1101110111886.1,.676.11,1,226,.4.11,667
Νο111011Τ.11,672. 6.11,1.46. 111,1. Νυ1116111Τ1,266.646. 111,6.168, 1,
47.167.1,6,46.Α.1,169 84611412.111,666.666,666,716.
6011101611. 111, 177. S. 1,2. 116 6.111, 1. 72. 11, 6.167 11,8.2.Δ.1,
6101010111 S. 111, 1. 22 196
6101111116. 1, 2. 86 111111111.1,111
11010111Τ.11,64. 111, 476 Ν11111111111111,111,744
1101111Ῑί, 162. v, 666. 11, 221. 1, Nubig enaeT. 1, 266
266,6,11,..1814.11,6.16.11,7,1111113111111,1,666.6,12.161
6. 1111111 1111111Τ.1,1111,111.111111111116,
11011111· 11, 461. 11, 268. 111, 626 6866167. 111,466.466.646. 667
Νο111Τ,·11,168,268.111,666,11,116,11,286.866.1,666,11,616.466,

 

