. ΙΝ STATTUM.

101,1000.11,,.170811,1.10,1 10011117

0,1.1,11,01 0111118.11,,11
0111Τ,111,700,8,111,1·100. 1,,1 10 01111111Τ,1,1Ι1
010101101,101,100,1, 01 01111118· 1,1, 6. 87Ι ·
01111Τ.1,011.110, 11018. 111001. 0111110111,170,8,11,8.10

111001111μο1,171.8,11,87.01111Τ11100081111111

11,.,0111,,.10800 0111111111 117 -· . 11
011111Τ, 11, 110. 1117101, 111. 111, 0111111111Τ311, 000

001,8,·11,7,11,111,1·11,11,0,01,0111111011, 01000811,Πο

A. 1, 000 · Ο111Τ. 11, 101, A. 1,“111
Orbita 8, 11,0. 10 01111οΤ. 111, 010
01011118.11, 7.00. 07 0111111Τ, 111, 110, 007
011111Τ. 1, 71. 1111, 077 0111Τ,11,081,1,18.11,001
01111Τ.111,11.8,1,1,10 01111,Τ. 1, 616. 811, 7, 11
0111111111Τ,11,001 01ο’“,1 11,170,000,111,017101,1111,
011110111101 , 01,010,1,007.100001.701,11,
0101118,“· 11, 1. 9 101717, 1110110011, S.i,.6 69.
01111101,100.111,110.110.11110,11,1,80,111,1,100.11,’8.01 “

171.001.101,101,111,10.000.100. 0111111118,·11,7,40 · ¹

691. 1,.101011 110. 11,,071 111, 01ρ,,11111810, 10

111111,111.111,11.111.111, 0111111Τ,,1100.8.1,.011

070,11000001.1,.10011.071,0111111811171000

118, 81,..110 11,0 ..10 110..ῦο Ο1ρ1111Τ,1,011.8.11,7..,101101.

111, 0001111, 11,0.00, 1, ,,1. 101, 1, 1, 11

1,1, 108. ΑΛ, 111.108.110.101 0111111111111. 111, 07. 1, 00, 11,
0111111οΤ, 1,8 118, 111,.,101017 1,1,01000.11,
0111181μο10 107.1110118110010111
0111110181 111,111,1.11.11,711 1,0, 101.
0111Τ11081771100011110 1,.107 ·

100. 11,....10011080000 11111 011οΤ,11,10

8,1,1.10,17,11,1,,1011,,111. 0111111001 ·

11,1,117.1,1,07.,1,1,81 01111Τ.1,,111 111,110111,1111,111.
011Τ,·1,108,108,018.111.188. 11, ,111111 ⁴

81. 110101, 11101. 100.100.11Ι. 0111Τ.1,101

100, 117. 11,101, 107, 117. 707. Ο11Τ. mu

111111 0111111111. 11111. 111111
011111Τ.111,111 “ 111170, 11,1.110. 1,1,,010 1,1.
01111111ΤΛ, 171 80.11,1 ,171
(111111111111,111,111,111,111. 0111118.1,0,71

11,180,111,708.8,1,1,.1 A.1, 01111Τ, 1, 001, 101, 111, 99. 100, 081.

100. 11, 100 11,801.1,10,1, 966. 080, ’11,000.
011Τ,1,110 111,οΙ, 8,1,..00·11,1,70,018,11,0.
0111111111Τ.1,100 11,·11,7,01.111,0.10, 111,0..17 11,Ι
011111811μο 111 1,,011,1,81.1,,0111. 1171
01111118,··111,0, 100 0013118100οΙ
0111111101, 000, 11, 011, 111010, 181. 0111111011, 700

11, 10, 008. 700. 111, 001, 1111008. 0111311111Τ,1,100

11011, 010 011111111Τ 111, 100
0·1ις.1Τ1,,080 11,111,11,710,11, 01Τ.11,001

011. 8,1,1,10. 1110111110.011711111118,11,11,011

1, 1, 69. v,.9.191 100 01111111Τ,“11,011,011,11111707,
01111Τ,“·111,07, 11,010.8,1,111,111, 711.11,00,07,1,101.111,101.

0. 77 111. 11,010, 1,11. 111,07. 010118,
011ο11Τ.11,111 010,707,800, 8,1,1,00,1,,0,00
0111111Τ.111,011 008,11,],1111170.111,Ι.170,
0111Τ,1,.010 1170011000, vii, 111,0.17,111,.1,177111,1.01,1,

9⁸2. 111. 1111,,1 010,1,801, 11,6.80,11.1,171.180,11,111

110,8,1,.111).11,7.110,1110,17.0111Τ.11,111.1,,001110001

1111111111,111111 1111,1,.111111

 

