x lunnx

03111 Τ. Ι, 188. 11, 70. 111, 81.808.870. 88. 0.1,107
11,188. 000. 1,088.800. 11,100. 11111111. 11, 0. 1111, 00. 1, 001. 11,
111, 71.007. 000. 1111, 080. 11,800. 000. 8. 11,1.118. 11, 8. 80. 111, 1.
111, ffl- 800. 080. 8. i. 8. 180. 11, 8. 01. 11, 0. 00
08. 11,8. 18. 111, Ι.81. 111,0. 110. 0101111111Τ.1,000
11, 8. 0. 01. v. 1. 88. 1, Ma. 110 0111111018. 1, 8. 81. 11, 8. 0
031111 T. 1, 887. 111, 17. 0. 11, 8. 88 Alcman S. 1, 0. 108
03111οΤ. 11, 000. 007. 1, 010 0111111117. 11, 008
Amnem To 7018071 8881 0, ”⁸0 ,Μ Aleon Τ. VT, 806· m. ix, ¹²1 ,
Auru Anii. 1⁴⁶ Alce Toi', m· 81073616,
Agyrten Τ. 11, 881 01101, 800
Agyrte· 0. 11, 00. 801 neum T. 1, 708
1,...01111111 0111-11111. 11111
011 Τ. 1, 170. 000. 088. 11, 18. 880. 0101111888000. 11100000. 11,005.
808. 001. 000. 700. 11, 878. 081. 788. 111, 00. 1111, 070. Β. 11,8. 17. 07.
m· Tu· 71 ²⁰· m· 701 Tm· Tu· ibe· 8. V, 01 0178
081. 111, 778. 1111, 188. 081. 800. 0110111Τ. 111, 118
088. 11, 78. 107. 888. 080. 001. . 01318. 11, 8. 180. 11, 0. 11. 1, 8. 888
008. 1, 800. 081. 888. 087. 0. 01311 Τ. 11, 800
081.770.800. 888. 010880. 11Μ8. 013111181Τ.111,000. 11,ωο
Μ. 800. 071. 008. 700. 111, 101. 0131111110. 1, 8. 77
0110111100. 701. 707. 8. 1, 8. 110. 013111110οΙ S. 1, 8. 08
11, 8. 08. 111, 1. 181. 111, 8. 80. 0000. 11,.11. 1, 0. 108
100. 0.1, 81. 108. 800. 880. 080. 11, 0131111110.11,8. 10
108 011 Τ. 11, 700
011 Τ. 1,17Ι Am. 1, 007. 11, 810. 11, 81. 177. 080.
011181Τ.1, 187. 887. 8. 1, 0. 180 111, 807. 1, 080. 087. 11, 808. S. 11,
11.... 1. 1111. 11111. v, 11. vii, 111. 1111. 1111. 1111111
111..11,111.1.1.1.1 11111. 11, 111 111.1..,1111.111.
1111117. 11, 810. S· 1, 8. 808 0.11. 70. 181. 170
0117. 11, 80. 111, 011. 111, 180. 1111, 0111311111 T. 111, 700
“¹0 ¹, m 8100171881 7, 01 oe ATTffl T· 70, 891 lii, uo
Alalcomena- T. 111, 880 01111 Τ. 11, 881. 111, 080. 11, 081. v,
0111 Τ. 1, 001. 101111. 11, 011. 800 188. viii, 878. 111, 010. 8. 1, 0. 70. i,
0110111111 T. vii, 800. 11, 00 0. 00. 11, 0. 101. 111, 0110. 11, 1. 7.
11111. 1.,111. 11.,1. 11 A. 1111. 11111111
0101811, 0. 0 Alica 8. iv. 0. 81
Mbfl Τ. Via„- S· ffi, 01601 07321681 Δ118018Τι 7, ”To 811, no· 01003800. 08,
1,8. 108. 1, 8. 887 878. x, 708. 111, 00. S. 11, l· 101. 11,
01011118.ί1,8.110 0. 08. 11, 0. 00
01011118.1,0.88 Aliena T. 11, 81
01111111 0. 111, 0. 08 01111011. 11, 101
Albano 8. 11, 8. 88 Alienum T. 11, 188. v, 000
0111111111 Τ. 11, 110. 8.1, 8. 00 Aliger T. 11, 1. 1, 800.· S. 1111. 80
Albani 811, 8. 07 0111 Τ. 1, 800. 111,087. 11, 808. 1, 888.
0111101001, 1. 180 11, 007. 877. 800. 111, 001. 1111, 888.
11111... 1. 1, 11 · 11111. ..111, 111. 1. 111111. 11,
011111. 11, 881 7.18 ·
0111 8. 1, 8. 01 01111 Τ. 11, 180. 111, 800. 110. 1111, 16.
Album.. 8. 11, 0. 88 080. 000. 11,0.000. 11, 100. 111, 000.
01011 8. 11, ‚⁷- 00 8. 1, 0. 80. im. 100. ν, 008. 1, 0.
1111011111 00180
0111117. 11, 800 0111111111. Τ. x, 010
Alcathoum T. 111710 ’ 0111111111 Τ. 1, 000. 11, 181. 11, 088. 708.,
01111111 T. 111, 710 11, 100. 1111, 1110800.Ι 111, 007
0111118.111,1.11.1,8.180 0111111111 T. 1,800
1110011111 0111 Τ.1,10. 11, 101. 111, 000. 008. iv,
0111111111 Τ. vi, 710 881. v, 000. 708. 11, 11. 107. 800.
1111111111, 1. 188. 11.,0. 07. 1, 0. 00 11, 001. 700. 1, 007. λ11, 080. 111,
1111111111. vii, 008. 8. ι, 8. 100. 1111. 000. S. 1, 010. 111,1.11. 11, 1. 08.

 

