ΙΝ STATIUM.

Disperii Τ. 111, 41
Dinpems T. 11, 870
Disponere Τ. i. 610
Disponit Τ. 111, 801
Disponit· A. 1, 460
1111101111 Τ. 1, 7

- 1111111111Τ. 1, 668
1161111111. 1, 488. 1, 148
1111111116 T. 1, 880
Dissidet T. 1, 170
Dissiliunt T. i. 86

Dissilit T. iv, 681. 111, 817
1111ιί111111 T. vii, 60
111111111111 Τ. 1111,Ῑο
111111111ῑὶ1 T. 1, 601. 111, 781
11111111111111 A. 11, 88
1111σὶ111111 A. 1, 688

1111611111 Τ. 1111, 607. 111, 887. 606
1111111111111 Τ. 11, 811. S. 1, 8. 14. A. 11,

111111111111111 S. 11, 8. 44·

1111111111111111 T. 11, 808

Dissipat T. 111, 774. 8. 111, 8. 67

1111111111 Τ. 11, 640

11111ο11111 Τ. 1, 67. 8 1, 8. 88

Dinon· T. 11, 800. 1111, 681. 8. 11, 8.
114. A. 1, 467

masona· T. 11, 686

1111111611 Τ. 11, 861

Dissiluit 1. v, 166

1111111111. 11, 618

1111181118 T. vii, 888. 8. 1, 8. 68

Dium S. 1,1. 00

1111111 S. 11, 6. 0

1111111161 8. 111, 1. 00

1111111111 S. 1, 6. 41

Distinet T. 111, 16

Distingui. T. 1111, 881

Distinguunt 8. 11, 8. 80

111161111117. v, 860

1111611111 Τ. 11, 647

1111616018. 11, 1. 88

nimium T. 11, 840

111161131111 A. 11, 488

Distulit T. 1,400. 11800

1111111111 T. 11, 806

Dima T. vii, 177

Dium 8. 1, 8. 160

1111111. 11, 40. 11, im

11111111. 1, 800

Dite S. 11, 7. 14

Ditem T. viii, 846. 11, 681

Ditem S. 1. 1. 40

αω11η1116116

188. 1, 8. 48. 188
Diti Τ. 11, 801. 111, 607
Diti· T. 1, 844
11111611 Τ. 111, 888. 1, 107
1111161 Τ. 111, 481. 8. 11, 8. 181

111111 T. 111, 778. 11, 71

111111 A. 1, 410

1111111 Si, 6. 81

11111 T. 1, 88. 606. 11, 716. 11, 746. 768.
760. 11, 688. 1111, 817. 611. 11, 884.
686. 687. 1, 688. 11, 161. 406. 8. 11,
l. 188. 111, 8. 80. A. 1, 8. 688

Dim T. 111, 880. 1, 888. 11, 171. 606.
1, 68. 11, 676. S. iii, 8. 18. A. 1, 888.

11111111Τ. 1, 06. A. 1, 888

Dimum A. 11, 186

Dim S. 1, 8. 8. S. 1, 4. 80

1111011111. 11, 604

11111111Τ.1,186. 111, 0. 11,680. 111,
88. 688. 1111, 184. 818. 486. 446.
608. 661. 1, 866. 888. 111, 764. A.
1,806

DATGTSAS T· V, 7081 s. 1, ,11881 11, ²· ⁷⁶

Diverso T. 111, 688. 8. 11, 8. 6. A. 1, 874

Diversum T. 11, 118

Diversus T. 11, 888. 111, 706

111111Τ. 1, 808. 11406. 11, 806. 748.
1, 64. 806. 111, 780. 111,(180. 8. 1,
8. 866. 1, 4. 88. 1, 6. 06. 111, 1. 88.
74. 70. 186. 111, 8. 147

11111 S. 11, 7. 67

Β171811881 Tu l· 98

Dividere T. 111, 166

11111611 8.1, 8. 88

1111111111 Τ. 11, 686

11111601 Τ. 1, 808

11111011 Τ. 1111, 400

1111161111 T. 111, 646

Ι1111111Τ. 1, 401. 111, 01. 8. 1, 1. 188

Divinum T. 111, 816

ωπψωῆω.ω1ω.’ .

111, 816. 618. S· 1, 1. 84. A. 1, 180

Divisere T. 1, 664

11111018. 111, l· 16. 111, 8.84

Divino Τ. 111, 481

1111111111.11,688. 111, 168

11111117. 1, 8. 118

Divitia S. ’111, 8. 88

Divitias. 11,8. 161. 11, 8. 71. 1,1.68

1111111118.11,6.61)

11111111 Τ. 11, 806

1111011111 Τ. 111, 807

1111111. 11, 848. 111,166. 466. 11, 601.
Ι, ⁶„- 75811 Χ, 8951 31, 8ω1 81118,
8118. A. 11888

11111πιοΤ.1, 108

Divum Τ. 1, loe-m· αἱ· 6761 181, wo
men. 1,860. 11, 814. 808. 111,
166. 488. 784. 1111, 80. 808. 11, 4.
611. 768. 886. 1, 186108610680.
11, 807. 848. 468. 111, 48. 480. 644.
S. 1, 8. 66. 111, 8. 104. 111, 4. 80. 64.
11, 0· ⁹⁶· Τ, 8ο 1781 ,081 '0 41 11 Α·

 

