1111 Ι nunu

(11111111 T. 111, 110. 1,111. 11111 111. 1111. 111, 111. 1. 1,1.11. 11,
(11111111. 11111 1.11. 11, 1. 11. 111, 1. 111. iv, 111.
011111111.111,1.111 1,1.11. A. 1, 11. 11. 111

(11111111 S. 111 Gurgitibus 1. 11,1. 10

Gravior T. 11, 110.. 111111. ι, 111 Gurgitis T. v, 1. 11, 111. 111. 111. 1.
(11111111Τ.1,111. vi, 11. 111, 111. ix, 111. 111 ”

111. 1, 011 (111111 1.1,1.1 ι
(111111111.111,1.11 0311111110. 1111. 11111. 11,
(1111101111 Τ. ix, 111 111
(1111101111.11,111 (111111111111
1111111.1,111. 1111110. 11,111. 1111111111 11111

111ὕ.101.111111. 1111111. 11, 1131111111. 11,101. Usu. 111.

11. 111. 1,110.111.111.111.111. 11

11111. 111 xii. 111 111. 111. 11, (1111111111, 111

1. 0. 11. 1, 1. 10. 11111. 111. 111 (11111111111

22⁸⁰. 11,1.10. 11,1.1. 111. (11ω1.1,111.11,111.11.17· 11151·

11. 11111111 11, 111 11111111 11111114-
1111111111. 11111 1. 1111. 111 11. 111. v, ι. ¹⁰!-
1111111111 v, 1. 111. 11111 11111 n.
(111111111111 111
1111μῆ Τ. viii, 111 (111111. 11, 111. 1.11,1.1
(111111. 11, 111. 111. 11111111. 11,

ῗΒΙιωΒι 1. 1. 11. 1111. 1111. v, H.

(11111111 111111. um. 11111111,

111. 111111 11111Τ. 11 110. 1111111. 11111
11111111. i, 101. 11111111. 1110. 1111111111 T. 11, 111

111111. 1.,111. 1111111111. unm. ..111 11, 111

lidan. iii, 1.11. 11,1. 11. v, 1. Η11111Τ.11,11

2111,,ο,801Δ111“1ω Hflwscffifllnu u
011111. iim! 1111111111111101. 11111. m.
1111111. 111111. 11, 111. vi, 101 111. 111. 111, 101. 111, 1. 11. 111
1111111211110 111
(11111111 Τ. 1, 001 1111111111. 11, 011. 011. S. 1, 1. 110
(1111111111. 111. iv, 111. 111. 110. 11111111. xi. 111. Α. 11, 111
. 1,110.011.011. 1111. S. 11100. 11111111 Τ. 111, 11. m. 11,111. 1111.

ii, 1. 111. if, 111. 111, l. 111. iv, 1. 111. 111. 1111111. 111. 11111111.

11. Δ. 1111 111. 111. 1111. 111. xi, 111. 111

1111111111 Τ. i, 111. 111, 1.11. 1,1. 111,101.1.1,1.11.11. 1111. 111 ,

10 1.11.11,1.111. v, 1.11
1111111111.11,111.1,111.1,111.11, 1110111111. 110. 11101. 11111. 111.
111.1.ἰ,11 141111. 111, 111. 111. viii, 2&-
(11111111. vi, 111. 11111. 010. x, 111. 101. zi, 110. A. 1111
111111111111101. 111.οθ Most-nufi- vim-2⁰8. 11111.
(111-1111111111. 1, 111. 111011 1111111111. 111111. ν, 1.
61111111 T. 1111. Μ. 11,110.111.111. 11. 110
111. vi, 111. ix, 111. 111. xi, 111. 11111111... A. 1, 111
111. 111101. 1111111. 111. ΙΙ. 11111111111111
11181111 'dimo An i, ὅπα fi, HflbfflliflT· 111, ⁸⁵²
111. 111 1111101. 11, 110. 111111. xi, 001
(111111111111 ’ 11111111. 1111. 11111. iii. 1. 11
Gryplu 11111111 Habent T. vi, 901
Gne 1.11,1.1 1111111 Τ. 11111
(111111. 111, 111. 1. 1, 101 111111111111011. 111111 111,
(11111111111Τ.ις 11 . 1111111. 11111
(11111111. 111, 111. x, 101. 1. 1111 11111111, 111. 111. 11, 01. 1111 111.
Gurgite T. 1111. iv. 011. 101. 111. 111. 1111111111111. 1111.
111. V, 111. 111, 111. 111. 111. ix, 11111. 111. 111. 111. 11. vili, 1.
'noant ΜΟ ⁸²¹0 8111 ³⁹⁸· ⁴¹⁸0 1891 11, m· &m li, 5511 ὤς

 

