8011! mm ·

7111118811 Τ. 111, 118 Τ11118111 Τ. 11, 180
7111111111 Τ. 111, 888 Τ1181811 Τ. viii. 188
'sumunt T. vi, 710 7118111118. 11, 1. 81
Tumet Τ. 111888. 11128. 87. 171. 1, Turboe 11811808
87 Turbam Τ. 11, 818. xviim. 1, 878. S·
7111111811, 201. A. 11802 1, 8. 07
7111101 T. 1, 880- 1111188. 1000. 8. Τι11811111 T. 11, 180
1, 2. 208. 11, 8. 81. A. 1, 180 Τ1181117. ii, 120. 11, 87. 810. 1, 877
Tumida 8.1, 8. 81 'ruam T. 111, 880
Τ111111888Τ.711,887.Α.1,888 Tumoe'r· 10, 51οι nunu· 814178
11111111111881808. 11110. A· 810. 008. Si, 8. 28. 11, 818, A. 11,
1, 111 111
Τ1111111 T. 11, 818. A. 1 88 Τ118111118.11,2.71
Τ1111107.11,170. 1, 078. 11, 800. 818. 111181811Τηὶ,100
118. 11, 878. 81118. 08 Τ1181111Τ. 11818
7111111017.11, 828. 1, 78. 1111880. 7118117. 11, 877. 1111, 888. 880. 11,
A. 11188 880. A. ii. 101
Tumidum T. 11818. 11, 887. 11828. Τ1111111Τ. 11, 811888. 111, 02. 880. 1,
11, 70. 217. 1, 18. 111171. A. 1, 210. 787. 1111288. 881. 1118171.
877 870.1,018.111107.110. 81115.
11111111. 111, 817. 111111. 11, 112. 80
11788. 8. iii. 1. 88. A. 11880 7111111111 T. 11, 177
Τ11101Τ. 11, 111. 11, 781 7118111Τ.111801
Tannetum 8. 111, 2. 71 7111111117. 1, 180. 1111181. 11810
Τ111111Τ. 11, 181 Turbato· T. 11, 811. 11811
11111811. 11, 00. 1, 108 711811ιί1 Τ. 11. 880
11111811. 1111, 881 Τ1181111Τ. 111, 171 .
Τ1111111118.11,7. 87 Turbam T. ii. 80. 111118. 11888.
Tumuli T. 11, 818. 1, 888 808. 871. 11210
Τ1111111Τ.188. 1, 070. 11888. 11, Τ118111111Τ.11,20
w· affl, 11²⁴· 17, 81 ⁶⁵· ”flou Tufbssit T· 11981 711181 TI, us· ι,
Tumulo T. 11, 081. 1111111. 1, 181. 78. 8.11,8.10 “
8. 1, 8. 88. 1,8.88 7118118. 18. 108
71111111 Τ.111,170. 11817. S. v, 8. 7118118118Βο
100. 218 Τ118111 Τ. 11, 808. 810. 11888. 111,
1111111111871111 11, 81. 228. 811. 260. S. 1, 1. 10. 111, 1. 11
iii, 107. 880. 870. 1, 111. 818. 780. Τ1111811Τ. 111. 11, 8. 781. 11118.
- vi, 18. 112. 880. 111808. 1111201. 822.11,788.1,812. 111880. 1111,
887. 1,101.⁵82. 1128. 881. 111, 880. 11, 78. 120. 188. 818. 1, 788.
ἔ18. 782. 8. 1, 2. 281. 11, 2. 28. 11, 11, 880. 111, 807. S. 111, 1. 20. 11, 8.
.18. A. 1, 108 78
7111111111 Τ.11,888. 111110. 11, 88. Τ1181117.1,888. 11888. 81881871.
’1“11111111Τ. 1880. 81878188. 11, v, 880. 11700. 111188. 880. 718.
188. 1, 008. 111881. 1111881. 8. 1111101121. 11807. x, 712. xii,
1, 8. 88. 11, 8. 88. 1111118 800. 81111. 118127. 111218.
7111111111.1,88. 8. 1118. 811. 1, 8. 11, 0. 87. A. 11118 ,
⁵⁰ 71110811818. 8. ii, 1. 72
Τ110111 Τ. 1180 Turgentet S. 1, 81
71111118. 11, 0. 80 Turgontit T. 1, 888
Tunicam S. 1, 8. 20 Τιιῐηιε Τ. vii, 888. viii. 180. 887. 720.
Tunica! Τ. 111, 888. 11, 801. A. 1, 182 711. 11, 872. x, 12. 288. 1122. S.
Tuor T. iii. 188 11, 1. 25
Τ1181Τ.1,101.201. 11, 188. 888. 111, TurmaleT. 11, 10
128. 288. 11, 282. 810. 11, 210118. 7111111118. ν, 8. 18
11, 182. 881. vii. 100. 888. 1111 101. Τ1111111111“.1, 828
121. 11, 188. 218. 1, 818. 808. 11, ’1“111111Τ.11181. 110. 11, 128. 818.
. 881.811.111,11.11.8.1,1.08. 11, 1,7.11,218.111,180.7111128.871.
1. 111. 11111111. 1.,1. 11. v, 1111111. ..111.111..1,411. xii,
ι.1111.1,11.1ω.ῑῖ,11.111 11. 888. 8. 1, 0. 88. 1118188. iv,

 

