11 surium. 11

1311111111. 11101 13111111. n 100111. 111, or. 111.
1,.,8661111111111110011, 111. 0010111111111011.

611111100411011.11111. -

Agenoreis T. x. 604 6601 1411184. 801. 111, 28. 81. 101.
4301010011111, 102. 111, 661 260. 001. 6001 600. viii, 160. 061.
Agenoreum. 0111. 1111 110101111111111001. 11, 10.
Agenoridas Τ.111,106 1111011115. x, 4. 00. 211. 210.
1311111111111111.1110100 1011111110. 11, 10. 111. xii, 1.
111. 11110 111. 110. 011. oon. 001. s, 1, 1. 01.
131111111111411 111111111. 111111. 11, r.
13611111. imo. 1.,111. 1,·111. 11. 1.,1. 01. v, 1. 11. 1. 1, 101.
110101. vi, 011. 1111111. 11, ron. 111. 11, 111. 111
1,114. 1140. 266. xii, 111. 010. Agmine T. i, 060. 11, 420. 111, 60. iv,
608. 8. 11, 2. 4. 11, 6. 64. 111, l. 06. 608. 802. 1,66.·400. 11, 1821 111,
11, 6. 00. 1, 0. 160. 228. 4. 1, i! 228. 240. 120. ix, 846. 821. 1, 42.
Aget T. iv, 606 001186.11,122.111,111.142.100.
43301111 Τ. vi. 112 000. 8. 1, 2. 41. 00. 206. iii, 1. 110.
133111.11,111.·1.,110. 1111111. 11100. 10111. 11111. gn.
11, 281. xii, 62. 8. 11, 1. 116. 11, M 21. 4.1, 664. 662. 620. 11, 026
43301111. 11, 100. 1111041 Agna T. 1111611
4330111.11,620.000.100.11101611, 4311111. vii, 001 ’
8. 1,.116. 616. 682. 11, 214. 220. 43111011Τ.1,185
111, 014. 440. 1111100. 11, 460. 400. Agnoooeodn T. viii, 660
1. 262. 000. xii, 000. 8. 1, 0. 04. 11, Agnoscent Τ. 1, 402
’ 1160. iii, 0. 06. v, 066 4310100066111Τ. 111601
Aggeribus T. i, 060 Agnoscere T. iv, 040. 11, 292. 1111601.
4331111111 Τ. 11, 464 8. 11, 2. 46. v, 2. 08. 4. 1, 260
433011111.11,101.1,06 4300161211,οὣ
433104111πά1 8. 1, 4. 62 Agnoscit Τ. 1, 602
Aggredior T. xi, 161 4300101101 S. i, 6. 60
4330611681640 431101001ἢί, 641. 8.1,1.200. 4.1,
Aggreditnr T. viii, 401. A. i, 040 02
43311111 T. xii, 261 Agnoscunt T. ix, 600
43311111 Τ. 1, 621. 11, 240 Agnovere T. 11, 000. iii, 200. 11, 4101,
4331011111 A. ii, 011 8. v, 2. 00
’ 431Τ. v, 104. 1, 620. timon AgnoveritT. 1. 600
431101. vi, 661 43110111. v 260
1311611101. S. rr. 1. 11 -· 1310111161. 11, 111
4311118.1,1. 16 43110111 T. 1, 682. 11, 178. viii, 164.
1311111110 ix, 111. 11111000. s, ii, 1. roo
431 T. i, 400. 11, 40. 04. 400. 111, 400. 4301. rii, 020. S. iv, 0. 01
626. 1, 140. 242. 11, 026. 482. 484. 4311111081
188. 111, 218. 064. 481. 1111,262. 4310000οΤ. 11, 684. 11, soom. Sa,
421. 462. 661666. 11, 248. 1, 100. 8166 ··
100140. 8. 1, 0. 06. 11, 1. 10. 1,1. 4311111 Τ. vi, 60. S. 111,1. 10 ’
002. 4. 1, 0064106211 4311111111.111,10.-1ν,00. 1,·600. 8.
1311111111, 660 ν, 0. 16 1
431111101.111,620 . 43101111.11,010. 1111, 441
431ω11.1,11.1.1,1.10.1.1,011 1311.ι1,111 Ι
4311111211, 111. 111, 600. 11, 100. S. Agricola T. 1,]02. 11, 442
iiiam Agricola Τ. 1, 612. 'firm' 8.1,1.
1311011101 111 1 .
4301101 T. ii, 206 Agricolam T. .¹' 0
mtur’i‘iiis’ 11111. 11110111, iiiiiiiriiiiis Ι
400 43111 Τ. 11, 006. rii, 002. 11, 110. v,
4311111. 11100. iv, 100. ν, 111. voi, 101. ,1111110111 x, 11. 0. 1.
400.11,010.1,246.8.1,2.64. 111, 620 υ
0. 04. fild. 10 4311011.11,2ω

013111 v... cr... rnsm. · n

 

