01111111

411100 Τ. 111, 444
4111001041 8. 1, 4. 444
Prisco· A. 11, 444
41110414 8. 111, 1. 184
41111101 Τ. 1, 184. 11, 414
4111111010 T. 11, 444

ΡωιιίιΤ. 11, 441. 8.111, 4. 44 1,1.

41. ι,4.14. 4.··ιι, 144

4101111185 ιι, 4 84

ΡιοιιιιωΤ. 1, 847

4104141141, 444

4104140114· 1, 444

4104144018. ιι, 4. 41

4104041Τ.111,444. 8,·111,4. 14. ι,

4104110814 144

41441ιο18. ι, 4. 114

Ριο41118.1ι4.144.,1144

4104114018. ι, 1. 44

4104118.·· ιι, 4. 44

414411 Τ. 11, 441. 1111, 441. 8. ι, 1. 84.
1.4. 1411

4101101041 ,144

41440101Τ. ιι, 74

41441141814. 44

414411181, 4. 144

414411118.11,..144 111,...417871,
1,117. 144. ι,4.74

4104111108· 1, 4. 14

INDEX

Procumberrtem T. 11, 844

4100444010 T. 11, 44. 1, 44. 11, 144.
4. 11, 447

4100014411 T. ix, 444. 11, 44. 45

Procumbunt T. 11, 144

414041011ιί18. 111, 4. 44

Procurrere T. 11, 444

4100041441 T. 11, 747

4100111011 T. 11, 848. 11, 44

410001111 T. 11, 444

Proreus, ii,1.²1r

4101114, 11, 444

410111411Τ. 1111, 714

4101113 11Τ. 111, 44. viii. 444. 8.11,1. 147

41011311101111,444.111,444

410413· 1411 Τ.·111,444

4141113 ι10111Τ. 11, 444

410111341Τ.11,787. 1,·144. 8111

4104114014 1111, 848

41411110Τῖ ι1, 441. 4.·· 11, 44

4104411183 1, 4. 84

41011111Τ. 1111, 478

41441104· 1, 444

4141111414. 1, 447

414110001οΤ.“’11,414.11,141.8.11,8.44

4141140414· 11, 144

4101111οι11111 1111, 114

4101100041Τ.1111,414

414011Τ.11, 741. 8.1,4.1411,7.144 Mum-¹1⁶&

410004401431,444.11,44

41400111Τ.111,444.1111,144.8.1··1ι,4.

4100011οΤ.·1,4811,414.1,.444 8.
111,4.7.14.1,444.11,484

1441114131110.1114111.11,

4140111117.ι,101.1,.1414.·ι,1.10

4140011Τ.· 1, 414

41000101Τ.··111,444. ι1,141.184.448.
111,444.1111,444.1,174.444.111,
411. 8.11, 1. 144. 11,.444. ι,4.
178. 444

410401001411, 444. 111, 44. 471. ι,
17. 8.11, 8. 4

4100431183· 11, 4. 74

410018. ι, 1. 48

410011111Τῖ11,417. 11, 48

41401110οΤ.·’ 111, 148

410011Τ. 11, 444. 111, 481

4100114114. vim

Ριοο1111ιο111111,644

4100008311,1.144 .

4141444131, 474 11, 147

410001814174111μ48

410004101οΤ.··11,444. 111,44.11,144

41400101014Τ1, 741

4.40111001Τ.1111,444

4441440017. 1, 474

4101111118.··11,1.41
411111401Τ.1111,444
41414111· 11, 484
41011111Τ.·· 111 444
1144111111111. 11,.444
4141141418· 111, 4. 4
41011411014Τ. 1111, 44. 11, 8
4141141Τ.·· 111, 441
4101141141, 1. 714
4141144111 111, 114
4141111001Τ.1,444
4410111141Τ.11,488
4141111411144. 488. 1,144
41011108. 1,4,. 141
41411101ΤΗ111,144.444. 1411111,

8114811,.44411,.74444.1·1·,,1
474. 8.11,1.1.411,4.144.4.4, ·

4141111118. 1, 4. 44

Profectum T. 111, 444

4101010141111, 181. 8.,1114.11

4141010 T. 11, 741

414111110Τῦ1, 447. 41, 444. 1111444.
111,.4 4.1,4.484

41010118.·· 111, 1. 144. 1, 4. 144

4141011411, 4114. 44411, 74. 11, 114.

114818,1,4..14111·,.·4118
410101108.·· 111, 4. 8

1411411131, 4. 44

 

