ι 11 mmm. xix

11111· ι, 111. ιι, 111. iv, 111111. 131ωο. ιιι, 111. ι. 111. 111. .,
646660. 11606006. 111100400. 664. 1111611. 1,.070 11166111,
666111166100 116761660 060.6.ἰ1,606
11176.104.446. 706. 6. 1,1.41. 61311111Τ.·ι1,6,66. 111,400.11,616.
6.·11616 1,.40664.’ 111771
6161111161, 616 6131111111· ι, 000. 111, 460. 1, 646.
61111131164. 1166. 666. 11, 600 766. 6.·ι1,06
461.1,667.11,06. 666. 001. viii, 6136111111, 407
707.·11, 41. 640. 1, 00. 060. 646. 646. 6130611111, 666. 11 00. 11, 667
11076. 6. ι, 1. 7. 66.70. 14.116 613ο11σιιιιιΤ.1,ι,6001 110
1ι,1.101.11,0.6611647711,7 6131111111.11,700.1,··466
0110011,..4141,..1100 1,6.6130111111.11,006
06.1,6.10.06.61,106.4061,61311111111.11,760.11,166
06. 607 6136111ιι1116.·· ιι, 7. 77
6111111611, 7. 100 ⁰ AtgooT. 11, 646
6111111.1,.06.00111,60.100 1, Δι3ω16.11,...64061, 166
660. 11664616 1166. 01. 416. 613611.1,006..060066.671. 11101,
111, 70. 6. 11,7. 76. 111, 6. 176. 6. 1, 016. 460. 601. 746.· 111, 14. 006. 000.
67 667. 600. 661. 64011, 647. 670. 11,
6111111167. 111111. 111, 6. 01 16. 616. 111176. 1111476. 767. 11, .
6111111.11160.664. 11661646. 61 00. 1,.007 467. 600. 11, 011. 404.
66611606 61114016 761.1ἱ160..66460064·0.6.1111.
000 11.111.1.1,111.6,111
611111.11,606.666.1111,640.11,460.· 6131161111, 404
sav, 6.οθ 6131111. 111111
6111111611, 6. 41 6131111.11,077.1111,446.11,766
61111111· 11, 46.· 11, 046. 600. 11, 674 613111. 1,
11, 061. 1,616. Ι1144. 6.111,1.10.61311111,604.1111,447.6.1,4.16 '
11,..,.606101.1146 61311116.11·,.,146
61111111. 11, 61 6131111611 4.16
611111111110. 11116 61οΗ016 6111111616οΜ
14. 160 ⁸ 6111111116. 111, 1. 66
6111111111ΐ11,400’ 61161111, 464766. 11, 410 11, 606.
6111111111· ι, 60. 1,600 6.1,6.01
Amen T. 1111, 004. 6. 1, 6. 0 6116111.·· 111, 476
61111. 11, 711 6116111111, 400
6131111111·.”6 ιι, 4. 10 ’ 6116111· ι1, 46. 11601. mmm.
61311111.11,170,6.1,6.60.1,6.46. 610. 6.1,1. 60
61111111.11,446
6131111111. 11, 066 61161111. 11, 606
61311· ι, 661. 11, 110. 001. 11, 61 1111111111. 11, 006. v, 176. 440.
’61311111066 007, 111, 676. 11,401 610676.607.11,610. 111, 66. 161.
111, 116176. 047. 066. 666606. 166.1111,00.666, 111, 606. 640. S.
670. 601. 604 11, 1. 06. ’‚.'.v1n.1⁶2.A' 1, 6401111
6131111311, 106. 11, 140 611111161β11, 676
6131111111, 0661110011 61111111· ι1, 100. Sa. 6. 46 .
6131111111, 01 61111111. 111, 704
613111.1,666.111,.0 111661. 111, 61111. 1,66. 041. 660. 660. 11606.
761. 1,.760 111, 106 606. 640. 666. 601. 600. 667. 716.
1131111111. 11110. 111661. 601, 734. 111, 167. 006. 060. 616. 641.
1, 476. 111116. 6.11, 041 046.660.660.600.646.664.6641111.
6131111. 111, 406 6111111161. 1, 666
6131111111. 1, 646 6111111116.11,46
61311111. 111, 66 61111111. 11, 606
61361. 1, 616 . 61111111. 111, 604
613611. 1,706 · 61111111.ι1,44. 16661, 618
Argo 11116. T, 666 61111111. 11, 606. 111, 66. 1111, 646. 1,
6131111111. ιιι, 460 111066. viii. 746. 060. 111, 461
1, 66. 1140. 166. 6.· 11, 100 064 6ι1111111.11,604.1,666

 

