x 1111

111000. 11,001.000.100. ’11,110. 1111111101111111 ·
111, 010610 1111111Τ, 11Ἥο00 11, 061. v. 000. 10,
11111111.,.11111.,.111.,.111.1,11111111111111111111,
011000110010111111111 110111μ111,110.1,,.111,.10.
6.66.v,⁸..,.16⁸v⁸⁸⁸ A.il.⁸66
VffidiAT. 1, 111,111,011.111.11,101.01111011101η111111. 11118. 0.
1,.1100,,10....0101100.11,0. 111,1.,,0011.01 .
01.11,.1,010.1,110 11111101Τ,11,01.0011,0,10
Vivida-mmo .11...1.1,111111,111.1.,111111.
1101011,11,10.1,,,111101,,0,11 0.111,.101.Δ,11,111
v,⁸..16⁸AiA6⁸ 1111111111
11111111.1,1,111.1.,ε,11. 111111. VinibmA.=i.²⁷⁷·8·iv.²·⁸1
11A⁸T 0111111111.1111..11111
11111110,11,6,10 010,0,111,0.,110.11,100
0111111111. 01010010. 11,10,01, νω1.1.1,111.111..11,11 mil.
110,000,1,0.11,001011.11,001,1,600..01,1,,10.111,11.,.1110
111000.1111,161.000.11,111.060 111111,1,11,101.11,100,111,006,11,
11111Τ,1,000.11,111.11,00101111, 00.1,011.100,110.110.100,11,
100.110.110001.οἥ.001.11,001.000,111,10.1“111,00,,00011’,
110.0.1,.0,110001,11,1100 001
vAommT. 11001,101.111. 11, 1⁸6. 11111111Τ.111,000, ν,11. .111,100. 01,
101006. 1,101,010. 111100. A. 110
1111. 100 VisumT. 11, 00
V'AmAT. 11, 01.01. 100, 000000, 111111111Τ,111,001. 1,.001 011011.
101,.,111.1,111.111,111.11111
111, 1011010100. 100. nii. 100. 11111111111, 11011101. 11101011,
. 110,010.000...01111011,..01100 ·,,0011001,101.11,001.1111,000,
00οΗ0001Ηο11601.11,.000.100 010.11,,,,0011000001,011.001.
111, 06,,Αἱ ,010 010, 11101,100.111,,011 SA, 0,
10111111111111111117111101111111011111111π1
000. 011,11,10.000,ν,110.100, ⁸6.A.i,AAA.11,16M⁰A
.100. 11,,1000.111.000,660,101,1111Τ,“1,001.11016.001,11,106.
.11,11.101.101.11.,111111111. .11111. 1111111110. 1, 011. ⁸⁸⁸.
mmmm? · 000,11.,110 111,.00 011,,0.108
1111111Τί1, 110, 111, 011, 11, 6. 111, vA. 1⁸. Δ.11, 001
1οΗ110.11,..111111,..11111,1, 11111Τ1,10011000,000,11,110,
11. A. 1, 000. 000 1900110010, 0100100110. 11,
VlnutAnTAiiA 100.,1000,.101111,1,60.000101,
0111011101. 100 1111,11.00,1111.1,110.11,111
1111111111Τ.111,010,11,100,000, viii, 11111111. 1111, 100, 011, 6. 00
101,11,1,111,111,0,11,0.10.10,,1111110111,1,010
v, ⁸. 6⁸. A.'· 11, 010 11111111.11,010.001,1111,1Ἇ1,000.
11111111.1,011,,100 101,.0Ιο11,100. 11100. 0,11,,0,60 1,1,00,1,0,
000. 1001001160, 001. 000. 101,”“ 111, 100
111.118.1.,104.001,ν,111.111.0111111111.11,111.ιὶ1,011
1001110.111,100,000,1οΙ, viii, 0111111111..1,11111
⁸⁸6. 000 11111111.Ι 11, 616. 11,100. 111, 001
111111Τ,111,000.11,110.110, 0,1,,1 11111011, 00. 6⁸1
100 11111111Τῇ1,171.1,001
1111.1,.01011,..000101 111,00,11,111110,11,0,11
106. ν,001.11,010111,10000.1111111,1ν,024.ι1,5η
1111, 000, 1,.100 11,101,111,011.111111101111100
1.1111.1111111.1,111νῑωωεηω
011111.,111.111,111.111.1.,111 ν, 0101111111
001. 000. 11,,001 111, 000, 11,0.00 1111101οη11.Ὴο
100. 111, 000, S. 11,1..110 v, 1. 000. vicimus. 1,1. 11
A. 1101. 111, 011 VitibuAT. vi, 100. 111, 001
111111,111,000,0,11,1.101 vitiferos: w, 0. 00
11111111, 111, ⁸66 1111001101οδ

 

