111 surium. 111111

11110ωο1110 1-...111.1111
0000111911, 110 1111111111111Τ. 1 010. .1, 1, 011
1111111111Τ. 11,080. 11,1 1.01 1111,ωο 1111011111Τ.“ 1, 10, 11, 118, 11,-1101111,
1111111010, 081 109. 1,11. 197. 070. 111, 111. 011.
1111111111Τ.11,101 8,1,.1101,1Ιο..10.1.11,111
1111111111Τῦ 1, 01 11111111111111. 1111, 090
rimi T. 11, 11. 11,100. 1,10,181. 1110111111. 11, 171. 11.· 11190
xii, 088. 8. 11, 011 111111111111101.Ι 1, 110
1111111011. viii, 000 luminatum Τ, 11, 711
Pitinate T. 1, 100. xi, 000 Ια11111111111Τ. 111711. A. 1197
1111111118.1,1.91 111111111111111,090. 8.,1 1. 1011,
1171111111.1,001 “ l· 197
1111111111. 1, 010 rimamur? 11, 101. 8. 'Am
1111111111· 11, 111 Flummeum 8.·11,1.100
1111110111,880 1111111111Τ.·“ 11, 011. 11, 111. Si, 0.
1111101811, 010 87.111,1.111
11111111οΤ. 1111, 100 11111101ςὲ11. 1111, 070
ristulum· 1, 080 S. 111, 1. 08 FlauimigemS' 1, 1110
1111111511, 011 111111111ς1118ῧ111, l. 181
111111, 117.·11,807.1,190.ωο.11,111001501118.11,1.110
110, 701. 897. x, 089 1111111111Τ· 11,01.108.1,110.11,190.
1111111111. 111111. 11701. 111,110110.1,00,901.111,101111.
0998,1,1,08 8.1,1.,11ἰ,1111.11,1,..107177
1111081110.οὃ 18011111111111118091
11111111Τῦ· 11, 079· 11, 00 A.i ,111
FixemntT.'‘ ni, 018 1110111111 11, 871
1111Τ.111,171..81,0,70,81 111111Τ.111,1117.11,.001811011
1111110111 Α.·11,111 11.1...Τ.·1,111.111,1111. 11707 11,
11111118.“111,1,00. 111,0. 10 171. 811, 1. 118. 111,111
111111.·ι.1,’114..111,’111.ι,.111011.11...1..,111
8.,1 0. 81. .1,·· 11, 110 namn· 111, 007
11101.11,19.1,100 11111111Τ.11,717.1,078.8.1,1.110
11101 Τ. 11, 171. iii, 081, 010 Flave T. 11, 119, 1,110
11111011. 11, 100101. 11, 101. 11100. 111110111Τ. 11, 101
S. ii, 7. 90 1111111011 T. 11, 101
111111. ν,011. ix, 191 1111111018.11,1.01. A. 1, 011
Flngellat Τ. 1,171. x, 100 11011011. vili, 071
111ς1111111 Τ. 111, 10 1111118. 11, 1. 0
Flagello T. vii, 079, viii, 171, 11,.101. 1111118. 1, 0.10
8.,1 1, 10 1111111118.11,1. 19
01131110011. 110 11111οΤ. 11, 138. 710
1118111113· 111, 118. x, 111 1111011· 1, 008
111111111111180111701.11000 1111111111.11,1111111,191. 8.11,1,
111311110111, 080 111118. 111, 018 07
1118111101Τ.’·111,117.108 1111111Τ. 11, 001. 007
11ομ1111111311,180.1,808 1101111118. 11,1.10
1119111οδ111. 111, 118 1110111111
114111810007 111118111111
Flamin. T. 1,190. 111 Flebat T. 11, 879
1111111110 T. 111, 107. 111, 800. x, 011 Flebile T. ii, 180. 11, llll. vi, 11. viii,
Flaminium, 1. 170 010. xiim. 110. S. il, 1.1
1111111108.1,1.181 · , flebiliora Τ. 111, 010
1111111111.1,187. 11110. 111, 110. 1111111111ΤΙ 1, 001. 11, 19, 111, 11,111.
187. 8. 1,οι 11. 11,0.89.·111,1.7, 11610000, 111100
A. 1, 110 Flebit T. vii, 019. x, 000. 11, 718
Flammabit 8. 11, l. 17 Flebilis T. xii, 108

1 0110011110. 1,180. 1100100. FlectmtA.ii,121

1111171. 10018. 1.,888. 11,1. xii, 111011111191
111. 171111. 8.11,1.100; 11, 1. 11111111,1111,119

91711141 Var. Cla. 11108011.

 

