- 000111 mnu ··

10111010 1111011 0010οΤ. 111111 “
11010000 Τ. 11, 100. 11, 110. S. 1,1.101 11010101, 1. 111
volvem Τ.111,101 11011 Τ. 01, 101
10110111 T. 1111, 111. 01, 1. 111 vovit T. 11111. 1. 11. 101
Volui Τ. 1001 Vox T. 11, 011. 011. 11111. 1, 111.
1701110 Τ. 0110 001. 010. 11001. 1111001. 011. 0,
1101111 Τ. 1, 011. 111, 111. 11, 011. 111, 11100001, 001. 011, 110. 11, 1.
00.01,11.0.1,1.1.11,0.111 10. 110101. 1,1.111. 1,1.110.
0011110101. 1, 011. 11110. 10,110. 111. 1,1.11. 00. Λ.1,011
110. 0, 101. 01, 110. 0. i, 1. 111 1110010 Τ. viii. 011
0010101001. 1, 111101 0100000110
volumine Τ. 1, 111 urbanum 01100
11010011. 1111, 110. 0, 001. 01101100 Urbe Τ. 11, 100. 111100. 1111. 111.
11010οω Τ. 11, 10. 11, 000. 10, 00. 0. 1, 111, 010. 011, 101. 0.11,1. 11
110 111001011110011. 11101. 111110.
0011011101]Ιο 100. 11101. 011. 1, 00. 100. vi.
100000101000. 0000000. vm. · 010. 111000010000000000
000001. 0100000100. 1000. 101010. ix, 000 1400000000.
011, 11. 0.,1, 1. 0. 00. 1, 0. 01. 111. 111. 011. 011. 001. 01111101. S.
10. 11,1.11.11.110.11,1.1. 111, 1. 1, 1. 171. m. 1, 1. 01. 11, 0. 11. 1,
100. 111 1.10 1111. Δ. 1110
100.... 1. 0, m 000010. 000. 11000001. 00.
0000001000 m. 0110001000 000 1.,00.
00101000 Τ. 11, 101 110. 11, 1. 011. 11111. 101111. 011,
0010001. 11000. ι, 000 · 000001. 01011. i. 000. 110.
1011001101101. 11100 111. 1111. 101. 111111. 11, 101.
00110010111111111. 11110 11,1.01. 111101. 1,1. 11. 1,1.
Venere T. 1 111. 11,110.111 100. Δ. 1111. 11110111
11000001Τ.0,010 11101Τ.111,110.010. 0.11,1.10.11,1.
0100010100 10
10ψο. vi, 000. 1100001100 0010001010.1110100001100.
10110οΤ.10,11“1 1111111. 01, 101. 100. Δ. ii, 11
10010100οΤ.1,100. 111101. 10, 001. 10001. 11101110. 1110111. xii,
11010 Τ. 1, 10. 110. 011. 11, 111. 111, 100. 0. gun. 01. 11111. 1111.
0111, 1. 110. 101. 11, 01. x. 11. 01, 111. 111, 1. 10. 11, 0. 18
1011111111. 000. 011011. 011, 11111οΤ. 011110
”Lm- 01111. 1111110. 11, 11100001. 0,1111
01. 11001. ι, 111. 000 10. 0000010000
110. 010. Δ. ἰ, 111. 110 Urere T. 011 100
11010 Τ. 11110 11101010.1,1.11
voti Τ. 111, 101. 1110100111. 111, 111001111Ιο
111. 1111011. 10, 011. 0,110. 01, urgebant S. 1,1.111
011. 111110. 11010 . Urssebtt T· 111111. 0100
11001000. 11, 1. 01 Urgent Τ. 111101
110110 Τ. 1, 01. 101001. 11, 00. 01, 110. Urgent T. 0, 000. 01111

’ 010. 0110100110. 011110. 01, 1113001010 Τ. 11010. 01110. 0,11.

101110. 11111100. 11, 111. 81

1, 1. 110. 100. Α. 1, 012. 11, 111 UrgentenT. 11, 811
11011108.111.1.111 111000110οι Τ. 11110. s.ii,1. 110
'votivam 0,11, 0. 01 11100011οΤ. 01. 11
11011010 Τ. 11, 100 Urgentur Τ. 11, 100

Votivan. 01, 111 1113010111111. 111101

11010 Τ. ἱ, 111. 1, 110. 11011. 110. 11130οΤ.111111.11,100

1111101. 11011111. 01101. 01, 1118011111. 111110. 1100111.
. 0. 010. A. 1001 0101000. 1001. 01000

0000011000. 1100. 0110015. 001. 1020

10. 101 Urit Τ. 01, 10. 101. S. iv, 1. 11
11010001 Τ. 011, 101 1111101Τ. 11, 100. 01, 100. 01, 1. 01 . 1,
101001 Τ. 1111, 101 , 0. 10. ,11, 0. 1

 

