0000 11001

1000000011 A. 1, 478 Formo T. 011, 515. 01, 575. aiva.
1000150590 T. 10, 475. 0111, 582 45
100011110δὶ10 Τ. 11544 ’ Fortunam T. 1, 140. 177. 11, 178505.
10010111ιο110 Τ. 0111, 418 0,182. 011, 754. 01, 704. 8. 118.
10101000501.0,151 127. 0,1.158 Ι
10001000111100 Τ. 011, 590 10010001011, 058
1000010110 T. iii, 182. xii, 280. 8. 0, 5. 110010οι1100 Τ. 01, 55
155 10001081, 1. 8. 09. 10, 4. 41. 0, 2.
1000111110ιο A. 1, 1 101. 108
1001015011 Τ. 10, 145 100008.0,2. 145
1000111010 8.11,5.9 ForrrrT.r. 581. 8. 10, 8. 48. A. 11424
1000150100 Τ. vii, 242. 10, 185 100010 Τ. 011, 448. 757. xii, 284. 8111,
10001500011199 8. 89
1000100101 Τ. 0111, 128. 8. 111, 1. 90 100000 T. 11419. 8. 10, 7. 15
formidavere 8. 0, 5. 184 1000 8. i. 2. 275
1000181001.11,252. 111258. 10, 489. 1000510 8. 0, 8290
0, 58. 299. 01, 884. 497. 1111888 1000501811, l. 181. 0, 1. 47
10010111οΤ. 0, 555 ” , 1000110 Τ. 011, 848
formosior S. 111, 4. 44 1001008. 11, 5. 10
Fornrce S. 111, 1Ι 182 ⁸ Foveis T. 011419
1000001500 S. 1, 5. 45 1101011011100
10008.1,4.47.111,5.87.10,5.10.10, 100001. 0111508. 8115. 94. 1115.
5. 49. 10, 9. 15 155. 0, 1. 848
1010 Τ. 1, 527. 551. 11, 951. 10, 807. 0, 1000110171. 8.0,1.119
718. 011, 885. 408. 0, 78. 884. 884. 1011818110. 0,5.70
xi. 481. 8. 111, 1. 188. 111, 4. 4. 0, 8. 1001011 Τ. 1, 81
88. 1100101. 11, 478. 587. 785. inu. 0,
Fortem Τ. 0, 822. 10, 290. 8.10,8. 19. 58201778. 0111, 811. 10, 92. 455.
iv. 00 0..,1.1011. 111000
101100. 1.,11. vi, 100. 1111010. ix, ruera Τ. ir, 001. 1110011111
185. 551. 01, 547. xii, 59. 550. 8. 0, 1000101018. 10, 9. 58
0110. 1. i, rsa. 11101 1011.. Τ. 11, 110. 011100
Forti T. 01, 590. S. 10, 5. 75 100011 T. 0, 585. 0, 499. A. 1, 114
Fortia T. ix, 752. 0, 505. 811, 1. 5. 0, fractis T. 11. 248. 10, 245. 555. 011585.
8. 111. A. 1, 887 01, 858. 088. xii, 780
Fortibur Τ. 10, 147. S. iii, 1. 189. A. ii, 100010 Τ. 01, 108. 485. 540
119 Fracturum T. 0, 80
rouro: 0101. 11011. 111110. ir, 0010011111. 1000
255. 0,054. 0111, 425. 1905. 01, 1000101011485. 0, 959. 01584. 0,
541. 111, 418. 8. 11, 8. 81. 11, 7. 58. 888
111179. 0,2. 158. A. 1, 518. 11, 1101111101.111111000010,
ror 011. ι, 100. 110101101εο vr,
10011οΤ. 01, 252. 977. 590. S· iii. ². 587. 755. 819. 0111898. 11182149.
188. 10, 7. 8. 0, 8. 178 817. 818. x, 708. 880. xi, 495. 458.
100110οἰ1110 Τ. 11, 871. 8. 10, 8. 96 518. S. 1, l. 8. 1, 8. 88. 148. 111, 8.
Fortissimus Τ. 111, 12 99. 111, 5. 85. 10, 4.(18
Fortiter T. viii, 549. 8. 0, 1. 178 10000018. 0, 8. 188
Fortius T. 0111, 82. 159. 8. iii, 4. 48 11000008.111,2. 105. 111, 8. 52. 10, 4.
10010110 Τ. 111, 449 51. 0,1. ur
Fortuna T. 1, 194.408.510. 11191489. 10000001 8. 10, 1. 41
540. 890. 111, 51. 155. 10, 149. 0, 28. 11001001 A. 1, 221. 420
485. 01, 474. 898. 708. 997. 0111, 89. 10011010 T. 10, 811. 1, 845. S. 0,8. 140
457. 504. 55. x, 194. 407. 11, 418. 1010011108.10,7.41
659. 859. 111, 85. 88. 197. 888. 488. 1010110101 Τ. 1, 87
505. 547. S. 1, 4.5. 98. 1, 5.55. 11. 1001111100 Τ. 011, 89
1. 101. 1111110001.1111111110. 010... Α. i, 111
14. 1119. 45. 85. 151. 189. 10, 5. 59. Fraenigerae 80, 1.oe
0, 1.75.119. 144. 0, 2. 77. 0,5.47. 1110010 Τ. 1, 128. 10, 817. 011, 488. 01,
18000110 - 01ω10

 

