1111111 ’

ων,

1111161.11,.111.,α1.11,11111111611119

11,.1169 thbrhATvAT
11111111Τ,11,169. 1,ῆ1.11,969.111, 6161161196 ·

69 11111111111116
6111111111Τ111,66 1116161116. 111,119. 1,196. 1111,
111111112“111,169,1,116.6,1,6.Μ9, 9191, 696. 611, 696, 619

111,6.19611,.,.66661,611 111111111Τ.11,6
1,11111Τ,1,611.666. 11,.191 111, 69. mmmm 11,611.11, 616, 6,

616. 11,.666666169Ἢ66669111 1,,666.6.11,666

669.699.11,111,1111,661.1,699.1.111111Τ.111,66

669.11,,6ὔ 111,169,6.11,1,16. 1911119666 .

111,.,66611666 v. 6. 16. A. 6119191691.. 1, 661. 11, 611 ³⁰⁸.

11,669 11166
1111119111.111.11,1111,111. Ι.11316111Τ,1,6ω

Sa..2’w..=⁸.o 61183111,(11Τ11,66 ·
111111111Τ111616.1,6,69 IaugendTSAiAA
11111Τ.1,661,11,69.111,666.1111,Ι.1131111111Τ.,1 666

196.6.1,..669111,.191,1119,,66 1,....11.1.,111.,1111

111,1,61.11,6,166,11,1,11,1,9’, 1113111111. 111, 96

16,..699611,666 6113111111Τ.1,666,11.961
1111111Ή1,666.111,666.6,1,.666 111311111611, 6. 6Βό 111, 6,6
1111161111.11,119 6131111116, 16
61111111Τ,11,691 Ι113111Τ.11,669.4111,19. 6.1,6,19,
Lucanum 11,1.61,1,.666
611311Τ.11,161.111,166
111311611Τ.111, 66
Ι.111111111Τ.1111616.116166.1,.66
1111111191
611111111Τ.1,16.11,61.691,666. 111,

11.111.111.11,111,1,111.111

166, 11, 6961 1111166111. viiiAoe.

666. m. 161. 791, ix. ³81. m. x.

1....11..,1.11

6111111111 11111111
hain· 6111111111
ι...1....1.1.,1.111

Lucro T. 1, 616

Lucrum 6.1,6,611
1116111161 T. 11, 666
[1111111111 Τ, 111, 669

1111111111Τ. 11, 661, 11, 666
Luem· T. 11, 669, A. 1,666
66111111ΤήρῊ
611111111Τῦ 11, 66

“ mmmm 111. .,111.111..1,

666.196,111,166,6.,...11696 111,
1.116116611Τ.1,666 ¹

mmmm. 61,666.696.
111111 ammam. 111.
196. 1,6,16.96. 1,6,69, 1,6,61.
11,1,,6616611,.6196.11,6.16.
111,6,66,”11,9.1.111,1.111.116,
61.·11,,61’6,1,,ι66,116,196.
611.,.,1661,.6666.1,61116
1,666,616.1169,161.616,666

1111111Τ.1,166.696,11,169.11,616. Ι111111111Τ, 1, 619. 11, 16, 661, 111, 611,

1,6,9111,.,169111669.11,1,191,11,.661666.1696,,6661111,669.
⁶⁶³.xi,..m713'sxii,1..s⁵ms 11,166696.1,66,669661.11,
1,.,66116,1.699.11,1,.,6916. 661,111,619.6,1,.-1811.6,119ι

191

111,1.96,11,.,61666. 1,1,169.

Ι.1111111Τ11,661111,166.1,,619616. 666. 1,,6196.1,.666,’6.1,686.

611.666,161,166,11,169,661.

1196. 161, 669

1111, 669, 619. 11, 699, 1,666. 111, Ι.1111111111111Τ.111, 61, 6.,1611
66. 661196 6.11,1.16,69,11,6. LuanTTTAx. 119
16.11,,1166, 111,1.116. 1199 ΙιυηιΤ.1,676.11,616.11669.1116

1611111631, 6, 66

Ι.11111Τ.11,161, 1,1,.66,166 6.1,
6111111119

11111911, 166

6166111691111666112.
affl-⁷.. .,.,..1111111 A.

Ῑ.111111’1’,11,.66666. 111, 66. 666, 11,

669.6.111,.6,19111,,.66611,8.

91.6.1,666

Ι.11(1111111111.1,666.6,11,1,161. 111, 1111111111Τ,,1 666

1111111. 1.,11 11. 1., 11

Lunna T. 1111, 169
lunaribus 119661. 111,961

 

