IN 8ΤΔΤ17711.

luptatis 8. 1, 1. 8
Imprimnt T. 1,80
Improba T. 11, 808. 11, 810. 070. 111,

GV

Inachon T. 111, 480. 11, 444
11111111. i, 867. 11, 818. 11, 718. 1,

748. 11878. 111, 668. 1, 767

800. 1111, 448. 11, 180. 488. 886. 11, 1111161118. 11, 8. 88
084. 486. 606. 111, 860. 800. 441. 8. 1111111111 T. 1, 80
1, 8. 7. 11, 8. 11. 11, 8. 67. 1, 1. 888. ImeT. 1, 66. 08. 810. 111, 681. 11, 477.

Δ. 1, 686. 11,808

Improbe T. 1111, 688. 11, 744. 111, 700

1111111611 T. 1, 868. 111, 076. 11, 700.
81,Μ41 8048· swom 711, me 7111,
111. 11111. 111. 11. 1, 111. 1,
1. 11. 111. 1. 111. 1111111

Improvisus T. 111, 847

Impulerat Τ. 11, 80. 186. 11, 488

1111111111 T. 111, 488

Impulerit Τ. 11, 710. 111, 748. 111, 784

Impulit T. 1,110. 111, 86. 86. 11, 866.
478. 801. 1, 666. 111, 681. 1111, 446.
686. 11, 78. 878. 486. 1,184. 111,
448. 81118118. Α. 11, 0. 871

11111111 T. 11, 408. 111, 487. 11, 8

11111111 T. 11, 860. 11, 168

1111111111 Τ. 111, 88

1111111. 11, 808

1111111611 T. 1, 400

1111111111Τ.1,804 ι

11111111 T. 111, 680. 11, 806

Impulsum A. 1, 800

1111111111. 11, 017. 11, 147

11111111Τ. 111, 808. 1, 081. 11, 186

1111171111 8. 11, 7. 80

Imputat T. 1, 087

Imm So 11, ²1¹⁵

11111Τ. 11111111. 11, 107. 11, 648. 8.
111, 8. 60

1111111111 8. 1, 1. 44

1111111111 8. 1, 6. 0

Innocuam A. 1, 600

luch· T. 1, 010

, 1111111Τ. iv, 110. 1111, 808

11111111Τ. 111, 460. 1, 788

Inachi· T. 11, 88. 480. v, 078

InachiuT. 1, 884. 111, 16. 108. 146. viii,

1111111011 T. 11, 846. 111, 806. 008. 11,
048. 1, 784. 11, 188. 878. 488. 061.
800. 111680. 1111440787. 11, 8.

hamt vi, 1. 1111111. 11, 111.
618.1,807

1111111011 T. 111, 107

11111111Τ.111,688.11,748.11,88. 111,
044. 11, 174. 700

11111111 T. i, 880. 000. 1111111

1111111 Τ. 11, 146. v, 611

Inachio· T. 11,600

11111111 T. 111808

Inachium T. 11, 168

11110111 T. ii, 100. x, 888

Dap. a 1... 11...

688. 111, 008. 1111, 86. 100. 416. 11,
Μω1ψ

11111111, 111111. 11, 111. 11, 111.
006. 780. 1, 001. Α. 1, 818

1111111.11,111.111..,111.111. x,

Iuni T· 118, ssT. VI, ²⁷· 711, ηθσ 11,

Iuni· Τ. V, 81⁷· 81, 1⁶8· Tlo- IX, ⁶⁵⁴0
..111, 111, 111. 11111111

11111611 T. iv, 70

111111 Τ. 1, 007

1111111 T. 1, 618

Inarimen T. 1, 017. 8. 11, 8. 70

1111111Τ. 111, 680

1111111111 Τ. 11, 488

1111111111 Τ. 1, 60

Inspectum T. viii, 841

11111011 Τ. 11, 00

111111 Τ. 11, 60

1111111111 1,471. 111, 717

hunus I. 1, 81

hautun T. 11, 707

hoedo.. 8. 1, 8. 08

Incedit T. 11, 40

1111111111 Τ. 111, 884. 811, 1. 184

Incendit T. 11, 0. 11, 688. 111, 160. 8.
11, 6. 68. 11, 4. 80. 11, 6. 70. 1, 8.
171. 806

Incendit T. 1, 081. 1, 668. 111, 604. 1,
870. 8. 111, I. 64

1111101111 Τ. 111, 406. 11, 480. 11, 880.
1, 00. 844

1111111111 111, 64

11111117. 11, 146. 11, 880. 11, 886

11111111 Τ. 11, 084

[ncepta 8. 11, 1. 00

Incepti T. 111, 88. Α. 1, 848

11111111 Τ. 11, 408. 1, 000

Incepto T. 11, 440. A. 11, 188

1111111111. 1111. 111. 111

Incerta T. 11, 444. 11, 408. viii, 888. 1,,

Incerto T. v, 870. 1111, 800

111110 Τ. 1111, 878. 11, 681

11111οΤ. 111, 676. 1, 667

1111011111 Τ. 11, 801

11111οΤ.1,087. 1, 107. 11, 810. 8. 1,

Incertum T. 1, 801. 11, 188. 8. 11, 1.
086. 1, 6. 88

11111111. 1, 868. 111, 444. 1, 818. 684.
11, 888

’ Iud. 8717. 0 ⁶

 

