ιιι smum, 'ccxxxv

1611166111,1.116 ’ 1616111611 T. 11, 606. 411. 611, S. 1,,4,
venitm. 11, ιτο. 111, 166 ιι · ’ ,
VeniuntT. 1,.141 111,116.1111,106.161611Τ·1,116.440.1111,611.111,
411.1ι,111.6.1,1,1.,61,11661 461,.61,,6.ΙΑ.1,181..1686641
1611166166.11.11..,116..1,11111
101. 1111, 114. Am 66161,ι,119,11,191
1666111116.·11,1, 100 11616116Τ1 11, 164. 110
166111Τ,,141·0.111,.666 111661,16161161Τ,1,611
66168. 11106161. 111,144. 1111, 1616666666ἰμ614.11,.,111011,6.
411,1ι,,..611.11486111,.111.,6 61
ii. 11 ¹ 176161161Τῖ 111, 701, 6.1,.1116. 11,,6
VentuT.i, 187.·11,111, 111,110 10. Δ, 11, 460
ventommT. 111,166.111,810.111,118 1616666611 116
11611166Τ,11,16. 111,411. 11,10, ι,01, 116166661Τ,11,160
111,661.6.111,1.4.1 Α.1,114. 110. 111161166Τ,· ιι, 700
446 11616661Τ.111,661.111,660,6.1,,144,
1616619166 11166, ι, 117, 111, 1161616116·Ι ιι, 146
661. 6.11, 460 1616666611160.1111,17.111,401.6.
ventum. 11, 166 111, 1. 60
16116116. 111,1,1 1661161161111. 1, 186
Vettonum Τ.1,111 1161666111Τ.ι,16,6”.ιι1,4.00
VentteT. 11, 664 116161ιά11166, 608 .
1611111611, 6. 6 1616111161. ι, 618
116ιιιιιιιιΤ.11,,66 111414. 11,.116 ι, 1616161Τ,11,616. 6.1,166
116 1161611661. 181. 6.·6, 166
1661611131, 141.·111,610,616.11,618, V.enturT 111,146.116,1111,101.ι11,
111,.1041111,10111,,.66661ι,4. 111,.611,119
81, M, 161 16136111Τ.1,168,661
1611016616 1. 61 1611161ιᾷ64Λο
1611111666111, 616 11616116· 11, 110
161116111Τ.11,616 1611616116, 111
16111611Τ.111,·661, &imme 11611Τ.·ιιι,460. 1111,171
161161616111,1.68 1616611666 111,110, ι,761,6.1,
1111161611Τ,111,400.1,416.111,166 11711,1,60,11,4,11,Α.1,186
1161116161Τῦ 1, 110. 411 11611611Τῦ· ιι, 604. ι, 666, 61, 1, 11
166111Τ,111,616 1161111616671. 61116116
VennuT.” ιι, 101. 111, 161. 1, 110. 116. 11611166· ι1,186
166181,106.446.611.11,116.Ιι,161111Τ.11,66,461
611. ι, 801, 6. 1,1.61.169. 1,11 VemiuT. 1, 660
,10. 11,1.84, 111,1.160. 111,4,11. 1161ιιοΤ.11,1
111,6,16.1,1.111. 6.1,161 11611616.11,1.46 ι
νθρωωειῆῗιΜ . vaT01‚⁷”o A· 1659116126 81111,
6616, 1,1.111 . 668
va. 11, 60. 111, 466. 11, 110. 611, 1611661616 T. 11, 616
11,.116 1111111. 11, 611, 686. ι, 16116166.1,161
111. 6,,11.40. A. 1,11,146 1611111116. 111, 1, 01
Verus. 1,,161 VemA. 1, 110, 068
1161111Τ.1,.410 111, 668, 16166100, 1161116616,··11,1. 11
1,601.4101.611.1ι,101111,604.161161111161.11,611.1,11,11,408.
1111, 611. 11, 81. ι, 161, 660, 611. 11, 6.11, 4. 10. Mi, 168
416.,601618, 6.1,4..46 11,4,.1 1161111111,1,.14011,,166 1,141
11,111,1.161.ι,1.,166111,1,1, 116111111Τ.1,116
661, 11, 166 11611661666,1,1,111
16166161111,”141.111.111,610, 11, 116116611Τῦ ιι, 616
460. 460. 1111, 461. 11, 161. 6.11, 11 1611111111Τῦ· ιι, 101
116,1,.1164 116111111Τ.11,180. ι,68
verberum 1, 111. 1,600. 1111, 406. 11, ventrem· 11, 4.11 6.11, 6, 46
1616116111140111601

161ω11,1161661166.1,ι.66 Vernus ιι, ’.ιισ 111,1.111. 16116·

 

