111 1111111111,-

17111111.1,400.11,410. Α.·”ιι,400

11111111Τ,1ι,.004 11001 Sa, 4.0.
A.i, 104. 070

011111Τ.11,00.014. 1,.1 11,074,111,
400. 11, 208. 429. 000. 074

ΡΙιιιίοιιιιιιΤζ ιι, 110. 004, v, 000. 707

17111111Τ,1,010.1111,004.111,000. 0.
11, 0. 00

1111111111Τᾙ11,700.111,400. 11,000.
009. 0.· 1, 0 20

1111111Τ, 1, 740, 111, 141. 000

1111111111

01111111101110. 140

¹ 1111111111· ιι, 001. 111, 400

01111111· ι11, 004. 11, 700. 0.1,1.0

11, 0. 00

TocuT.i,604.' 11, 700. 0,111, 1. 00

' TocoS.i,.2265

1111111111. 11, 407

rocus 0. 11,0 10

11101110, 11, 0. 07

0101101111,οἋ

Fodienda T. 1, 014

011111.ι,111.ιι,11, 0.111,1,128

0111111111Τ.·“ 111, 007. 1111111011.
11000.1,0.01.111,0.100.111,0.

ToecundtmTss ιι, 000

0111111011 T. 11, 701

1111110110, 1, 0. 10

Foecundum A. 1, 010

11111. 11, 4000. 111, 070, 440. 11,
707. 111, 00. 0. 1, 0. 80. A. i, 140.

11110111Τ.1,100

0110111111 T. xi, 00

rada· T. iii, 01

11110111 T. 1, 000

1111111111 T. 111, 004

01011110. 111, 0. 101

1111111110

1111111111. 100. 011. 000. 111,
1101111411110411. 11, 290.
0111111111.111111001011110.
00011104οΗ7Βο 0.1,.100, 111,.11
100. A.' 11, 004

1111011101, 141. 11, 000. 1111, 100. A.

FoederisTst ιι, 094. 111, 000. 000111,

Τ1101110.11,.0.0011,0.100. A1

1ἝῈ1.1.10 Δ.ι,11.1,01,

01111111Τ.·11,110,0.1,4.40.1,0.44

foemineam, 004

1111111111111

0111111111οΤ,1,000. 111,077 11, 470.
ι, 007. A. 1, 007

hnffi

ΤωιιιΙιιωΤ. 11, 007. Δ.1,000, 11,

0111111101Τ,1,000

0111111111Τ.111,140. 0,11, 0. 00

ΤωιιιίιιοιιιΤ. 111, 700

1111111110,Ι ιι, 0. 100

0111Τ.1,077.11,001.111,170, 11,
110. ι11, 17. 0,111,0.17

11111.ι,111,1.11,1ιι

01111111 T.' ι, 414. A. 1, 108

01111011 T. 1, 001. S. 11, 1. 0

011101 T. 1111, 001

011111 T. ι, 000 ,

011111 Τ. 111, 100. 11, 070. 400. 1, 000

&mamam

ramentas. 1, 0. 40

Fonte T. iii, 400. 11,00.004. 11,000.
11,400, 1100. 0,1,0,70, 0.1,4,
01111111111
0. 0. 1, 0.7

Fontem S. 11, 0, 00

11111111,111,οο1.111, 11, 700. 1,
mwsn²wmm.mffifiz
00.11,7.,00 Α,1,0.104

01111011ΤΕ1,000,11,04.11,000.000.
010,1,0,111,700.0,1,0..01,0.
10. 0,1,100

1111111Τ. 1111, 000. 0,111, 4. 41

Foras. i, 4. 10, 1,0.100

Foramina T. xii, 770

Fore T. 1, 090. 111, 004

Terent T. 11, 410. 0. 1, 0. 44. A. ii. 107

Fores T. 111, 000. 000, 1,440. 11, 40.
041. 111, 09. 090. 400. 1111, 199. 040.
11, 700. ι, 00. 000, S. 1, 0. 17. 000.
11, 414. 11,0.01. 111,1.00. 11,1.-
40.11,0.1.00.1,1.100

01111011, 040. 770, 0. 1, 0100. 11,

111110,1,..10011,1,10,1,.0100

01111111Τῇιὶ,000 11,100.101. 111,

0111111Τ. 11, 000. 111, 040. ix, 704. ι,

700. 111404. 0,11.1700.1,0. ,

070,.2771,..0101,.009.11,1.09.
109.170.11,7,00.111,4.00,11,4.
0. 0,1,000

0111111111· 11, 000. 11, 001. 000. 070.
11074020 ιι7040.1,0..72107.
170.11,0.00.111,0.110.111,4.00.
00,00.111,..00011,-01011040.
1,..10101,107000000.111,
101. 007

1111111311111, 111,0.111

0111111010.”1ιὶ, 0. 104

0111111111Βῦ· ιι, 0. 07

0011111111οῧ ι, 0. 072

01111110· ι, 000

1101111111οῢ· 111, 1. 117

 

