111 6Τ171611,

1....1111111111111 ...111

7..71111,.116

411. 661. 111, 116. 116. 416. 746. 611111Τ,1,117. 117
w. 1111, 11, 11,111.111,661, 11, 6111111111, 11, 614
11, 467. 474. 6.·1,,.766 11,4.67. 1111111111,1.11,11,1.11.1,1.11

11,7.111,11111,116
ῦιηροηιιΤ,11,7111,,11,171

611111Τ,1,611.11,1,,1111,,4741,

7666,11,,7161

611111111Τ,1,11,,111 11,,.111116 111, 6111111111Τ,1,.111 11,171, 1,1,171
111.671.11,611,111,111.11,Π. 611111Τ,11,111,11,171,1,,111111,

141.741.1,476, 111, 1111111. 111.

1,1,166

447,111.6,.1,117.11,,,411,1. 6111111111Τ.111,111,1111,141. 6,111,1,

141,1,,,,111Αὶ,17,166

6111ρ1111Τ.11,761,11,111.67711611111111’1.··11,11,11,111,11,141,111

11, 168, 461, 476, 611. 111, 117. 141.

6111111Τ,11,111

111.111.111,111.118.1111.11,11, Cannensem 4.17

616, 1,,,161761 1111111, 111,
166. 666664. 711. 717 A. 11, 66
cumpost. 1,611. 11, 111, 161, 111,
711.11,111,1,6.147.11,411.111,

161. A. 1, 617
61111Τ,11,611,Τ,,1,461 11, 111,Δ
m
6111Ιί6, 1, 1,161
61111111,·1,4,11,11,111. 6.1,1,14,
6111111111Τ3 1, 111
0111161716161111666
6111611Τ.ι·’ 11, 776
61111111Τ,11,116
enucleatius, 1,,4 111
6111111111 T. 11, 111, 11, 116, 111, 114.

11, 114. 761, 111, 16. 8. 11, 1. 11. 141.

11, 1,11, 111, 1. 111, 111, 1,11, 1.,1.
Candida S. iv, 8. 141
611616111611, 7, 16
1111111111.1,1.11
candidiore 6, 111, 4.11
Candor& ii. 1,41
11111οω11,1,111
611117, 111, 671
611111111111, 6η,1, 174
611111111611, 4. 71
6111111616, 1,1, 116, A* T. 1
1111111311111, 11,111,161,6,11,

4.61, 1,1,11
6111111111, uA„
6111111611 T. 1, 41, 1111, 111
6111111Τ,111, 111, 111411. 1,161
&mm T· fii) ⁸¹⁹0 s· 11161 ωε AT, ,ο
, 141. 1,1,11
6111111116,11,1, 11
1111111117,111,111.11,111,1,111,Α.
6111116116) ·
CanentT. 1111, 111, 6,1, 1,111, 1,1

6111161111
mmmm. 11,1,174.1 6611,

6111111161, 611

61111Τ,” 111, 146, 11, 41, 6,11,1,.1 111,
1,11,11,1,41

1111ρ11ϋ·11,1.11,111,1.111

canons. 1, 1, 16

61111116,”111,1,11

canori· T. 111, 111

61110106,1,1.1,111

ωθωεϋμιιθ

61111611, 111. 111111

611111111Τ, 11, 111 ¹

6111111, 1, 676

61111116,1,,1117,11,,411

0111111111,111.11.1,111

611111116117, 11

6111111111, 11111, 111111.
111, 1. 41. 11, 4. 66, 11,7. 7, 1,1,
166, 1, 6.16, A. 1,1.64

6111161111.1.11,1,1,11,,.1111
11,,.11161,1,,171,,191,111

611111111Τ.1,111,111,11,4111141
11, 14

61111111Τ·11,117,1111,116
61111116,11,17

61111111Τῇ, 614

611111Τ,1111,111
61ρ11117,1111,111,1,111,111, 111,

6111111111Τ, 111, 646
611111111111746, 11111
οιρωοιιιτ,1,11.111,1111,111,11,111,
1,161, 111, 664. 11, 11111111,
111111111111611. 11,147,111,
1,11..,,.,11141171111111111,,1
76, 141, 111, 766
611111Τ,11,411,111, Mi. 1, 16
611111, 1, 176
6191111111 1 467
611111117,11,761
61111111Τ,11,161
eapemmT. 11, 111
T 11116
1111117. 111, 171
6111111116 11, 167

1611111117116161111 6111111111,1,11,416

 

