11111

m ,008191 ummo 000 001 m
1, 70. 11, 404. 407. S. 1, 1. 00

0110111101 Τ. 1, 870. 111110. 11, 007. x,
m· A· 0, ²⁰⁸

0110111101 Τ. 111. 100

0110110111 Τ. 11101

01101111 Τ. 1, 010 ,ι

0110111101 Τέτὶίί, 000. 111, 000. 11, 040.
0.111,1.

0110111 T. 11, 701. Α. 1, 410

011011 T. 1111, 007

sup-or. 111, 000

0110110111 0. 1, 1. 010

01101101 Τ. 11, 000. 11, 400. 1, 107

stipentur 0. 11, 4. 10. 111, 0. 07

1001110110

sumu 0020210681 ⁶⁰²· 07, 71 'wo
800. 747. 1, 010. 11, 700. 111, 007.
881. 000. 1070. 0.11,1.100. 11, 0.
00. 1,0.17.1,8.100.010. 1, 0. 10.
A· 003041 Ti, 08

01110110 T. 11, 170. 11, 800. 11, 700

0111011101Τ.111, 000

0111011 T. i, 4110. 1, 070. 11, 007. 0. 1,
0170. 1, 0. 100

01011 0. 1, 0. 000

011131 T. ii. 700. 111, 40. 100. 111, 001.
¹! Νι ¹¹, ‘mo xii. '1⁸⁸ 810021

0111311 T. 111, 704. 11, 117. 111, 00

{tumim T. 11, 00

10011110101013101. 1. 11. rr

0111111 T. 11, 000

0111111 T. i, 000. 11, 00108. 1, 100.
naoth 'nl s· ³9²¹ ⁶⁹· ii, ¹0 ω· 000
i. 110. 111, 111

011110 0. 11, 2. 01

Stratum T. 11, 470

01111111 T. 1, 810

sunere T. vii, 000. 11, 71

011111111 T. 1, 001

0111111 Τ. 1111, 440. 111, 010

Strepit T. 1, 010. 111, 01. Si, l. 00

suepttu A. 11, 81

0111011111 T. 11, 701. 1, 040. S. 11, 0.

strepuere T. 11, 00

Stricta T. 11, 010. 0. 111, 0. 07

0111110 Τ. 1, 100. 1111, 000. 11, 000. 1,
01110111 Τ. 111, 000. 11, 001

strictus T. 1111, 004

0111010111 Τ. 1, 400

0111111011 T. 11, 000

0111111111 T. i, 000. 11, 700

0111111111 Τ. 111, 010. 11, 040. 11, 010
0111111111 Δ. 11, 000

Stridentem T. 11, 040

110111 ’

euidenter Τ.1,400 .. “

0111010111 Τ. 11110410. 1, 000. S. 11,4.

Stridore Τ. 11, 400. 1111, 000. 1, 000

01111101 Τ. 11, 01

01110011 Τ. i. 001. 1, 070. 11, 00. 011,

0111001111 0. 11, 7. 07 ·

Stridula Τ. 11, 7. 1111, 001

01110001 Τ. 111, 770

0111311 Τ. 111, 011

stringendi Τ. 11, 00

0111113111 Τ. 1, 00. 0. 11, 0. 00

01110311111Τ. 1111, 141

stringit 1. it. 1. 111

0111111111οι 0. 1, 0. 00

Strinxit S. 1, 0. 044

structa Τ. 1, 077

011111 Τ. 11, 00

Struit S. 1, 4. 00

Struit T. 111, 000

0111111010. 1,1. 10

011011111Τ. 11, 078

0111111110. 111, 0. 104

0111111001 Τ. 111, 00

0111111 Τ. 11, 000Ι

Strymon T. 11, 404

Strymona T. 1,100. 111, 007. 011.
01. 1,1.000,

Strymonio T. 10, 000

Strymonos T. 11, 107. 000

0111111Τ.1, 147 ,

Studiis T. 11, 100. 1, 008. 0. 1, 0. 00.
11111101 3

Studio T. ri, 00. 111, 010. 0. 11, 0. 01

Studiorum S. 1, 0. 104

Studium T. 11, 001. 0. 11, 4. 00. 11, 0.

stup.. s. 111, 1. 11

0111011111 0. 11, 0. 00. Δ. 1, 400

stupefacto T. 11, 40. 11, 400

0100111111 T. 1, 000

Stupeitctur T. 11, 740

Stupet T. 1110. 010. 11, 004. 1111, 100.
111. ix. 111. 111. 111011. 11,
⁶· “a iii, 01171 07081201 Διὶ, 001
040. 070

Stupuere T. 11, 440. 1, 080. 11, 000.
0.11,1.110. 1, 0. 100. A. 1, 401

Stupui S. i. 0. 01. 1,0. 117

0111001111 Τ. 11, 000

01110011 Τ. 11, 000. 11, 000. 111, 140. 107.

. 080. 1, 0. 100

Sturnos S. 11, 4. 10

Styga T· iv, ²⁹1· ⁴⁷⁹0 S· 000311οω· iii!

Styge T. 111, 100

Stygis T. 11, 000. 1,100. 1,080. 11,
410. 070. 111, 000

 

