99 1111111Χ

8161116181 6. 79 86161111 Τ. 111, 684
1111111.1,111.111.16111,111.116. sautum 1. 11, 166. 111116. 11111
. 111999. 1111111. 11, a. xi, 996. 99

691681. 111999 861611161118.111,1.84 ,
8661111Τ.11,199.11499.666 861611111Τ.1,696.11,969.461. 611,
8661911616 Τ. 1, 61 w
8661911111 Τ. 11698 861611161Τ. 1, 46. 616

86611111 Τ. 11, 68 86611 Τ. 11, 699. 111, 977
8611111116 T. 1, u. 1, 914. 1181. 11, Scylla· 8.1.9.989
66. 11, 669. 669 86111111. iv, 699
861116666ΤΛ11Ἄ8 8611111946. 11191996
86111 Τ. 11, 968 861111661 Λ. 11, 147
861611 Τ. 11, 966. 11, 197. 81119. 197 Scyriadum Α. 1, 967
8611661 Τ. 1, 689. 11, 614. Λ. 11, 194 86]11116.11969
861661 Α. 1696 81116116
86166616 8.1,1.99 8611611111, 979
scindit Τ. viii, 969 Scyron· T. 111, 677
8111661161 mm. 11991. 11196. 1111, §cyrone T. 1, 999
98161174 8611611. 1111611. 1118. 99. 998.
8611161611. 1668 991 “
8616 Τ. 111974. 11, 669. 81111179. 86191111, 497
Α. 1, 896 8611116811,6.196
8611161111, 9. 199. 1, 9. 999 1161611111, 144. 111111
86116 Τ. 111, 489. 669. 11, 976. 616. 1, 8611111611. 111, 491
179. 11, 4.88 8611111616 T. 111, 619
8611 T. 1, 79. 961. 11611. 11989. 111, 8611111111 811, 6. 98. Α. 1186
998774. xi. 169. 999. 8. Ι, 9.66 8619161811, 998
811111Τ.1Ι,917 8611116111.11,696
8611111Τ.11,689 8611111661 z, 891. Mi, 961
811111 Τ. 11118 8611111661 T. 1, 999 .
1616111.111,161.8.11,1.11 86 1111611161. 1946
811116·Τ.11,96 “ Se 16181 zm
81111616 Α. 1, 696 8166666161.11,999
8611Τ. 11198. 11, 199. 779. 1, 466. &mmmmm
111, 111. 1111161. 11111111. 111111. 1.,111
1111111111 · 866111. 11, 699. 1,671. 11691111,
samam . 717. 1186181199
866166 T. 111, 966 81616161 Τ. 11 191
11611111.111,161. 11, 696. 8. iii, l. 8661116161 Τ. inmo
196 866116616Τ.11,819
Scopuli· T. 11, 618. 111669. 61111. 8661611111 11999
149. 8.11,9.16.119.199. 111, 1. 866111661Τ.1,9
146 ” smeret 111696
8661116 T. 11667. 111, 497. 111946 8661116 Τ. iii, 147
86666161 T. 1976. iii. 191. 989. 11, 69. 86661 Τ. 11, 687
11, 778. z. 97. 8119191. 1111. 8661666 Α. 1, 969
16. 98. 11, 9. 61. 1, 9. 69. 179. Δ. 1, 8661116118. 1,.9. 187
76 8661661161 Τ. 11, 981
866161611Τ.11,199. Α.1,66. 1117 8161111118. 111698
8661161616 Τ. 1, 999 86611161 T. 111, 619
8611111681. l. 199 8611611Τ.1,999.696. 111,699.11,717.
Scribit T. 11, 614 111 187. 1111, 698. 1999. 111149.
empus.. s. 1, 11 , s. 1., 1. 61. 11, 1. 6. 11111111
8111116 8. 111196 8611616811,9.69
8111111111111 86616111 Τ. 11, 617. 794. 8. 1,1.66. Δ.
86161111 11, 611 1, 197
8616161161. 1, 9. 11, 946 8661146 8. 1, 9. 9. 1, 9. 94
861111111111111. ι, 111 11611111. v, 111. vii, 111. 1111118
εωωίτιῆηα Aona„ . &mam-⁸0 . ι ’

 

