1111111

01111111Τ.111,101
011111Τ. 11, 400. 111484. 11, 414

· 1qu

448. 1111, 141. 11,111.144. mm:
0111111100, 0. 04

01111Τ.111,.404 8.1,4.Ι4.0.11,40 01111114.1,4Ι7

0111110· ιι, 000

0111118. 1, 4. 114.140

111111.1,111.11.1.111

011111Τ.1,0110.111,044. ι,044. A.
11, 414

0111111Τ.·· 111, 400

01111Τ.1,404.1111,148.111,404

1111111118. 11, 0. 04

01111141· 11, 000. 074. 11, 41100. v.

000- 11, 044. 111, 101. ι, 48811, 4.

140. A.' ιι, 11
01111111Τ.1,104
0111110· ιι, 477. 8.111, 4. 01
0111111Τ. 1,40. 00. 474. 000. 11, 440.
480. 780. 111, 418. 000. 011. 11, 0.

180. 814. 480. 400. 700. 1, 481.007.

040. 11, 007 .
01111111 Τ. 11, 000. 111700
11111111.1,111
111111111111
vatim· 11, 044. 111, 001. 1111, 484
011111111Τ. 1, 047 11, 110 A. ι, 104
01111Τ.111, 410. 81,.444
0111111’1·.·111,414. 1, 400
011111Τ.· 1, 401. 111, 140. 11, 440. 410.
11, 784. 1111,104. 11,οὅ4. 1, 800. 8.
11,4..1481,.040.Δ.1,0114.11,7.
01111Τ.1,711.8.11,..4141,4.
vuar. 111, 440
011111Τ.111,’047. 1,404
11111118. 11, 4. 70
0111111118. 1, 0. 44
01111111Τ. 1, 448
0111118311, 00
011111Τ.1111,100.111,44
0111111Τ. 1, 440 .
01111118.11,8.114
0111181, 1. 40
111.11Τ1,410. 111444. 111440. 444.
M.⁶.u.ss‚t.aAAw
0111111411, 404. 8.11,7. 10
011111Τ.111,040.11,004

0111118111, A. 01
01111111Τ.’· 111, 001
011111111Τ. 111, 044
vestim v. 11

, 011111111ζί ..487 11, 440 ·
0411140.111,144.474.111,444. 1,181.
111007. 8111111111. 1,0.4.

0111111Τ.“111,400.111,404

01111111Τ. 111, 040

0111111Τ.,1400.111,Μ. ι,40.11,
014. 8.111,..44οΑ.11,04 ’

011111Τ. v, 40. 111, 488. ιι, 800. ι,410

111111.1,111,ιι,111.111,111.11.
11, 101

1111111.11,111.1.11,1.11

0111111111 111, 010. 11,400. 8.11,7.87

01111111Τ. vii. 010. 11, 418. 8. 1,0.Ὴ

011111118. 11, 0. 04. 1, 4. 400

Vesuvinus 8. 111, 0. 74

01118.71,4.104

01110110 111440

01111110.Ι ι, 87

01111118.·“111,1. 174

011111Τ.11,4.111,410.1,170. 111,
400.1111,.00411,.40411,04.11,
410. 111, 480. A. ι, 01

venustam. 40

011111111Τ. 1111, 480

01111111Τ.1111,1104

vetanti T. 111, 000

011111118.11,4. 118

0111111Τ. 1, 004

01111110. 1,.140. 11,044. 411,οῦ

00111Τ.111,..0008.11,1.441,.1440

01111Τ.1,400.111,01.440. 11, 400.
040Ηο14 111,..448740 11, 40. 1,
174.111,448.8.1,1.47.11,1.14.
11, 4. 14. A. 1, 410

01111111Τ. 1, 744

011111Τ.·1ι,404

01111111Τ. 1, 01. 111, 404444. 8.11,Ρ

0111111Τ.1,.401 11447114701,

011111Τ14044101170444 x 48. 11,00. 111,1.14100. viimo.

100. 044. ιι, 444. 111400. 8.11,1.

1111111111111111

147.140.171.1,..1400.1,444. 011111Τ.1,400.11,004.111,474

447. 044. 11, 404
7111111111111

- 0111111111Τ. 1, 01. 8.11, 4. 44

011111111Τ. 11, 400
11113111.11,111.11,111
01111111Τ.11,11.100.014.111447·

01111110· 1, 004. 111, 184. 1111,οΝ
0111111Τ. 1104
01111111.111,444.11,07. 8.1,.447
011118. 1, 0. 04

01111Τ.·· 11,110. 111, 140
0111111114· 11, 044· 11, 444. A. 1,4

040.11,104.477.810.1,441.040· 7111111431, 847 ¹
11, 487.400.040. 004. 717. 004. 111, 011111Τ.· 11, 101. 111, 777. 8. 1, 0. T

 

