99

Iniecta S. 11, 9. 99

1111111111 Τ. 11,199 ,

11111111 Τ. 11, 167. 9. 11, 9. 99

11111111 Τ. 11, 16

ωω1ήψηε1111

11111 T. 1, 69

1ndoe T. 111, 619. 11696

1111111111 T. 1, 919

1111110 Τ. 1, 916

1111111 Τ. 111. 191. 11, 191. 11, 997

11111 Τ. 111, 996

1111811111 T. 1, 691. 11999. 11119. 971.
1 II, 11 ”T

1111111111 Τ. 11, 996

1111111111 T. ii, 119

Inimicum T. vi, 719. 1111, 91

Inimicus S. 11, 7. 91. A. 11 199

Iniqua T. ii, 916. 111, 119. 11, 199. 9.
11 9. 66

1111111111 111, 191. 111

‘ Iniquum S. ii, 1. 179

Iniqua T. 1, 796. 9. 1,1. 199

Inique T. 1, 919

Iniqui T. 11, 916. 111, 79. 996. 11, 991
1111111 T. 111 996. 11, 699. 9. 1, 9. 91
Iniqui> T· 1, 999. 11, 616. 11, 979. 11,

997. 111676. 797. 1111, 191. 9. 11.
91. 11, 6. 91

Iniquus T. 111, 67

Iniquum T. 111199

11111 T. 11, 66. A. 1, 991

1111111Τ. 111, 79

111111 9. 1, 6. 19. 11, 11

11111 T. 11616. 111199. 11, 191. 699.
111796

Injqu· To 1, MT· ’116311 A· 11471 ⁴⁰⁵⁸
11, 999

Injuui S. 111, 9. 66

11111111 9. 1, 9. 79

11111111 T. 1111, 69. A. i, 67

Injusti T. 11, 999. 111, 699

injustis T. 11, 771

1111111111 S. 1, l.

Innue T. 1, 991

1111111111 S. 11, 919

innectens T. 1 611 .

1111111111 Τ. 11. 96. 1, 719

1111116111. 1, 196. 996

1111111 Τ. 11, 99

1111111111 T. 111, 111

Iunia Τ. 1176. S. 11, 9. 99

111111111Τ. viii, 796. 11, 676

111111111ιί 9. 11, 9. 99

1111111111 Τ. 111, 171

11110111 Τ. viii. 991

1111111111 Τ. 11, 169

1111111111 Τ. 11, 197. vii, 999. A· 1,

. Innumero T. 1, 91. 111, 111. 1, 117.

INDEX

1Δ11,166. S. 11, 919. 111, Ι. 79. 119.

.119

Innumeram T. vii, 799

1111111111 9. i, 6. 91. 11, 9, 11. A. 11,

1111111111 T. iii. 696. 11,71. 171. 11, 991

Innumeris T. ii, 666. 111199. 11, 69.
911. 14 66. 111, 61. 1111691. 1169.
111, 967. 9. 1, 9. 91. 169. 11. 79.
111199

Innumero T. 11, 171. 697. 1,119. 11,
99. 91199 ,

Inuum T· Vffi5m· h, “⁵- xyulo
&mmmmmm

Innumeram T. iv, 169

Innupt· T. 11, 619

Innupta T. 11, 16. 111999. 11, 991.
111691. 9.1,1.19

1111111111 T. 11 961

Innn 111 Τ. 111199

Ino .11, 699

111111Τ.1,119

111111 Τ. 11, 69

1111111111 T. 1111, 919

[1111111111 Τ. 11, 977

Ι1119.11,1.99.119.96

Inopem Τ. 111911

Inopes Τ. 111669

11011111 Τ. 1, 169. 1, 711. 1111, 999. 1,
Μ1ω1ῃω1ᾙ1

Inopiun T. viii, 191

inopinum T. 1, 919. 11, 999

1111111111Τ.11117..9. 111, 1. 19

Ῑ16μΤ. 1979. 999. 11199. 111199.
11,691. ι, 966. 999. 11169. 19,
119. 116. 9. 11119

Inous S. 11, 9. 69

11111111191196

1111111111 T. 11917 -

Inqnevicem T. 11, 997. 111, 196. 917.
1111, 691. 11119

Inquit T. iv, 999. 1, lun. 11919. n'i.
677. nimum. 11,719. 1, 999.
ΜΜ1ΜΜΜ1Μ
9. 111. 1. 91. A. 11918

111111 Τ. 111 999. 1, 979. 661. 11199.
1, 601· 911, 0511

11111111.11,679.11,196

lnam Τ. 111, 111. 1, 919

1111111. 111999. 11,119. 111, 196. 11,
919. 111, 799. 9. 11, 9. 97. 11,9.6

11111111Τ. 1, 991. 1, 961. 9.11,1.99.
1,6.99

11111111 Τ. 111, 969. 1, 669

1111111111Τ. 1, 796

1111111111. 11, 966. 1. 99. 111, 971

111111 Τ. 1966. 111619. 1, 99. 11,

1111111Τ. 11999. 111. 19119

 

