mm

11110811,1.104 ’

1111111111 Τ. 111, 401

1111111, 001. 011. 111, 104. 014. 11,
104. 448. 444. 808. 1, 00. 420. 010.
040. 11, 070. 704. 870. 004. 111, 404.
010. 1111140108. 100. 400. 440.
ωωωωψωὼω

401ῃω110011
0000. 111401. 111, 014. 11, 0.
01. 11,1. 11. 11, 8011. 1,000

1111111. 1414000111. 11,400. 111,
488. 010. 11, 000. 040. 1. 400. 000.
mmmmmmm

1111111111. ί, 614. 1, 111. 11, 004. 1111,
410.11,010

·1”11111111111.1,110. 414. 000 408. 111,
44011401. 111,00. 1, 00. 11, 10.
111,,..040811140011014.11.,1

Τ111111.1,100.11,04.111,00.400.
410. 11, 04. 401. 111,40. 101. viii,
01.4 11, 400. 042. 1,114. 048. 708.

11111118.“111,1.110

1111111111.ι,400

111110118. 11, l. 180

1111111111, 404. 1, 041. 041. 8.· 1, 1.
001101,Ὴο ⁴

1111111 T. 111, 000

1111111111 A. ii, 00

1111111. 111, 000

1111118. 1,1. 40

Terretur T. 11, 000. 111, 044

1111111111 T. 11, 040

Terribilem Τ. 1, 441. 111, 101. 8. 111,4.

Terribiles T. 1, 408. 1,100

Terribili T. ii. 014

1111101111 T. 111, 000. 111, 004. 1111, 010

1111111111 T. vii, 401

1111111111 T. 111, 010

11111011 Τ. 111, 001

1111111111 Τ. 111, 004. 1, 110

1111101118. 1, 4. 01

1111101011. 11, 040

1111131111. 1, 000

1111113111111 11, 411. 000

1111131011111. 1, 000. 110. 11,004. 1,

11111 ,11111113 11, 014. 1111, 000

1111111.1,110.440.11,000008.111,
440.481.11,00.040.1,801.11,
411. 481. 111,100.000. 1,004.010.

’11111111311,040.111,440

’111111111111111111111111,
001.111,404.111,410

1111111111, 000.11,.814 11, 041

'mm

111101 T. 111, 147. 040. 11, 108. 11, 042.
1, 040. 111, 010

11111111. 1, 040. 11, 040. 111, 141. 11,
101. 11, 101

1111111011 T. 11, 400. 1111, 100·

1111111118. iv. 0. 100

11111ιὶ11. 11, 001. S. 1, 4. 01

11111 8. 1, 0. 44

111111 T. 1111, 100. S. 11,0.100

11111111. 11, 141. 1111111. 1, 04

1111111111. 111, 40

1111111 Τ. 111, 041. 1, 11

11111 S. 11, 0. 10

Teste S. 1, 4. 04

1111111111. 11, 101. 11, 178

11111111 Τ. 111, 440

1111111 T. 1, 404

mmm&

11111 T. 1111, 004. x, 484. S. 11, 410.
1, 0. 001. A. 11, 440

111111 S. 111, 1. 70

1111111111 A. 1, 440

¹ 1111111.,1140. 111441 81084.

1110140

1111111183· 111, 1. 44

1111011.·’111,04.041.001.480. 11,001.
1,404. 1111, 100. 8.1.4. 110

1111101111 T. 1, 400. 040. 8. 11,4. 17.
11,..411111,1..1011,4.04

1111111111.1111,140

11011111· 11, 400. Λ.1, 40. 041

1111111111. 11, 11

11011113 111, 44. A. 1, m

1111811118311, 4. 40

11111111.11,101. 8.11,0.40. 111,4.
100. 1, 4. 140

111111311014. 1, 411. 8.1, 0.]14

111111111.11,010.8.1,0. 104

1111111801,0.11.Α.1,415

1111111811, 0. 0. 1,.0100. 1,4. 000,
1131, 80. 11000

11111113 111, 404

111111111311,100

1111 Τ.“ 1111, 000

’11111111 8. 111,1. 08

111111. 111, 011

11111111.1,180.11,00. 8.·111,1.40

111111.1,004.111,414.8.11,1.140

1111111111.·“11“1,411.11,400.111,000100

1110111811, 4. 00

10111111131, 000. 000. 11, 404. 111, 100.
11,144. 1,1.14404. 111,008. 1111,
008. 8310148141

1011111111· 1, 010. 008. 000. 11, 004
111, 004. 11, 8211150102. 1, 00. 01.
010. 111000. 1111, 000. 8.1, 0. 0.
000. 11,1.00. 111, 0. 00. A. 1, 00. 11,
111000 =

 

