111 2211211111.

Rapidus, 1, 1. 11 6116116111
DespicinS-ii, 2. 122. 11,7. 110 11611611 T. 11, 210
1111111611211,26. 2.111,1.106 1161161112. 111,2. 112
napum-T.. 1 222. 1, 61 116ιί116121, 6. 62
116611111Τῇ· ιι, 110. 11, 220. 1111, 122. 2611161112· ιι, 228
11, 611. 1, 20 1161111162. 111, 701
1161116111, 200 1161111211, 1211, 801. 11, 212
1161111112 111, 226. Τ.1,271 , 11611612.1,276.11,7711611167.
11661116112.11,626.1111,212 121.171.182.612.666.022.’11,120.
11661116261Τ.1,628.11,768.111,212. 622. 1,22.166. 616. 688. 11, 268.
681 1111, 620. 11, 212. 1, 116 188. 222.
116111161112. ι ,622 621. 211. 11, 21. 112. 210. 212. 111,
1161111112.1,272.111,22 1222111211. 111,2.1.1,1.166.
1166166162. 111, 277 1, 2. 221. A. T. 120. 122212
11661616 T. 1, 221 1161611 Τ. xT, 271
1)661161οι1.1,122 11616112. 111, 2. 121
1)661111112.1,122 1161611112 1, 721
0611111121, 212. 11, 262. 1, 102. 11, 2611166112· 11, 222
227.111,702.2.1,.672.11,1.166. 116617,.126211,20.16.210.111,101.
111, 6. 26 212120. 677. 620. 612. 01111 11,
1161211, 761. 1,712. 2.·ἰι, 222. 11, 117.“ 162. 207. 222. 266. 120. 612.
127 A. 11,221 , 626.772.1,122.176.122.621.761.
11163113 ι, 111 · Am. 116111. ιιι, ιιι. 116116
nemetim· ι, 622 1111,270.121.11,121.181.1,11.
1161613612112 27 21. 202. 602. 111,102. 722. 2. ι, 1.
1)61611616211, 272. S..v 1ι122 22111.11,.218.11,2.28.111,.1
DoterioreT.,TA⁸A 10.22.111,1.26.67.11,2122.11,
1161611612.111,6.16 6..26.211,..1,.112712612170
Β6161112.1,2.22 1,2.21.Α.1,.222616
1161611112. 11,7 26116121 ,.717 111,161.11,122.11.
1166116611111 111.111211.2.1,..22111,1.12
ιιιιιιιιτ. ι, ιιι Dexter-T. 1.. 16116111. 61, ι. os
116616616211, 2. 21 1162162610.11,162.228.622.612.
1166161211, 111. 111, 201. 211,2.17 ιιι, 120. 167. 222. 271. 166627. 1,
1161161112. 111,1. 12 210. 11, 622. 672. 200. 206. 111 ,701ι
&mmmmm 1111,126.11276.126212.22(1. 1,
1161611116612311, 127 121. 122. 222. 612. 667. 672. 222.
1162116612. 111, 727. 11.·1,22 222. 11, 6. 121. 627. 622. 622. 701.
1161112612. 1111, 270 111,161.727. Sa. 1. 221, 2. 67. 11,
1166112112. 1, 261 1. 122. 111,1.122.111,2.116. 111,1. 61.
11611616111211, 266 22. 11,2.11.11,6.11.62.77.1,1.
1166611631, 221 12111. 1222621,2.116.1,2.86.
11611Ῑί16112 111, 217 A. ι, 121. 262. 626 .
Ι)611ι1112.11,612.11,277. 2.11,2.10. 116111621206170. 111,.622 11, 662.
ιι, 2. 71. 1, 2. 270 707. 711. 776. 111, 612. 722. 1111, 106.

·1).1ιιιι.ιιι.· ιιι, 111. ..116 ιιι. ιι, 1111161161. ..161. ’¹

1161111126. 11,201.1,111. ST, 11,76.111,22.2.11,6.22.11,2.26.
1. 26 1, 2181
1161116612. 11,122 1161111111 Τ.11,672. 11,221. 111,112.
1161611112· 11, 127. A. 11, 261 1112111. 11,71.122.118. 662. 1,
12616111112.“ιι, 221. 111, 612 202661. 111,266. S. 11, 6. 06. 111,
1)11161111’1“.”Ι 11, 721 261. A. 1, 18
DeverflturT. 111, 12 11616162. 11, 112. 111,166. 1,111. 11,
DdeT. 2621 222.802.ι,22.111,162.2.1,6.60.
1166611111. 11111. 111111. ιιι, ι.,1.1ι. 11111
ιιι. 1.,111. 61111 Dextri T. ιι, ιιι. ιι,1ιι. ..111, ι.
Β6161118.11,2.16 “’ 1661
11616162· 111, 107 Β6111162.“111,126.1,161.111,722
1161162· 11, 722. 1, 212 11, 161. 11, 1161116211, 760. 11, 12. 666. 111, 662.

1111111611.. 1111611

 

