111 mrrurr.

01111111 Τ. 1, 470 · Exue S. 1114. 00

1111111111 Τ. 1111041 Exuet-t T. 11, 70

0111111 Τ. 1110080. 1111010. 11700. 11111111 Τ.11000 ·

11111111 11111111 ”’ ⁵⁴ ⁴⁰ ἓ11111111ζ 1111111, 111. 111. 1.,111.

Β1111101Τ.1,400 x, 071. S. 1, 4.8. 11, 7. 40. 111, 0140.

10111111 Τ. 1, 400. x, 700 iv. 0. 00. 1, 0. 07. A. ii, 087

11011111. 1111. 1..,1.1ο 011011111101. ..111111

01011118. 1,0. 01 11101 Τ. i, 180. m. 11114. 400. iii,

Ε111111ο1Τ.11,400. 111100. 111400. 400. 1177. 1, 400. 11, 004. 010. viii,
000. S. 1, 1,00. S. 1, 0004 010. 11, 00. 1,000. 11, 100. 000.

Externum T. 11, 070 010. 040. 700. 700. 111, 004. 444. S. .

1111111111 Τ. 11, 070. 11, 004. Α. 1 000 111. 0. 104

Exterritus T. 1, 011 111111. 11174. 11100
1111111111... 070 0111110111 T. 1, 170. 11, 100 .
011111110.11,1.100.8.1,0.0 1111111104. 11, 014. 111000. 11,
0.11..11...11.1,1.11 111111

Extimuit T. 1111, 440. 11, 100 1311111011 S. 11, 4. 00

0111111111 T. 1, 717 1111111011 0. 1, 0. 141

11111110οΤ. 1, 000 Ε1111111111 T. 111, 00. 11, 000. 11, 740. S.
1111110111 Τ. 111, 770 11, 1. 70

1111101111) Τ. 1111, 07 0111111111Τ.11,04. 1,000. 117000.
11..1..1..1..1,111 111111
1111111111.1,111.1..,1.11 1111111110,ἱ Τ. 111000
1111111011111 0111111111Τ.11,000

Extinguere T. 1, 800 0111111111.11,700.111000
Extinguite T. 1, 600 Exultat T. xi, 010. S. i, 0. 100
Extinxere T. 1, 011 Ε1111111111 Τ. 111, 000

ΜΙΤ. 11, 14. 410. 1170040. 1111, Eruimus-2221!

108 Εο101000108. 010, 0. n· TV, 110
1111101Τ.11,700 0111101111Τ.111,000. 1, 100000. 111
1111111111 111 .
1111011111Τ. 11, 010. 070. 11101. 111, 0111111111. 1,000

000 0101111404
01111011 T. 1, 000. 01111. 1111, 400. 11, 01111Τ.1, 400. 11000. 11400

041 Exuti A. 1, 407
Extrema T. 1, 470. 111, 000. 1, 000. 11, Exutum T. 11, 100. x, 047

000.000.1,144.178.070.010.100. ΕιυῒιιιΤ.11,00. 1100. 0. 1, 0. 71. 11,

11111. 11111111. 111. 111 111. 11111
Extrema T. 1, 410. 000 1111111οΤ.1, 400. 11, 100. 000. 111,,00.
&rem T. 111, 70 11000
Ε111111111Τ. 111, 014. 111, 400 Exuvias Τ. 11700. 1107. 1111, 000. 11,
Extremi Τ. 11, 070. 1, 400. 111, 701 ’“ 000. 077. 1, 007. 411. 11, 40. 0. 1, 0.
. 111111110111111.1111111101 101. 1,4.00
Extremo T. 111, 100. viii, 040. 700. 11, 01111111 Τ. 11, 000

706. 740. 1, 004. 111777. 010. 0111111118.11,0. 00

201. 1,4.111. Α.1180
Extremo· T. ri, 704. 111. 000
0111111111Τ.111,000. 11040. 11000. T.

1, 000. 111, 170
Extremus Τ.11100. 111000 11101111. 1, 000. 1111110. 1, 070. 0.
0111111111 T. vi, 00. 00. 11000 1, 0. 00. 11, 4. 10. Α. ii, 070

111111111Τ.111,440.1,410. 11110111, 10111111111111 ι
100. 701 1111111 1, 004. 111000. 11000000.

Ε111101011Τ. 1, 010 1111, 007. 0. 1, 1. 00. i, 0. 100. 111, 1.

Ει11110111Τ. 1, 441 “ 00. 11, 0. 00
0111110111 Τ. 111, 000 racem T. 111, 000. 700. 11, 0. 1, 400.

0001101111 Τ. 111, 001 0011000. 111040. 000. S. 1, 0. 00.
11111111 Τ. 11, 000 1,0. 100. Α. 1, 007 ’

 

